E[s] 3.0666666666666664, E[service] 0.8999999999999999, dist [(1, 5.0, 0.3333333333333333), (2, 2.0, 0.3333333333333333), (4, 0.5, 0.3333333333333333)], num_jobs 1000000, num_servers 4
rho 0.1, E[T_Q^MG1] 0.1963768115942029, W_max 9.2
0
ServerFilling,1.122318789599787,0.2004386572768126,0.19064589758106962
FCFS,1.0981078721900002,0.19861545932125166,0.19861545932125166
PreemptiveFirstFit,1.0963810575668191,0.19565250900114917,0.1950173893425191
MaxWeight,0.9957884960343654,0.07557984067293869,0.06719454740847851
LeastServersFirst,0.9914277114810321,0.07143348233332968,0.05847151459968014
MostServersFirst,1.1233480686953312,0.20199380661552532,0.19046685957053025

1
ServerFilling,1.1186845958347003,0.19887230778728537,0.1885823856092193
FCFS,1.0939183082646566,0.19672453943881194,0.19672453943881194
PreemptiveFirstFit,1.0918413055590857,0.19330448102735426,0.1926135175389187
MaxWeight,0.9930749136909091,0.07517187709497349,0.06726980579017537
LeastServersFirst,0.988920675015672,0.0710407949297341,0.05844431069650268
MostServersFirst,1.119816108066695,0.20072092554971654,0.18840997436886492

2
ServerFilling,1.127398894223815,0.20256131514619616,0.19200830972305372
FCFS,1.1017203086595242,0.20019680033323523,0.20019680033323523
PreemptiveFirstFit,1.099672487090905,0.19682978516967803,0.19600960131532627
MaxWeight,0.9995343761050274,0.07726962007530075,0.06900231570905119
LeastServersFirst,0.9950870716466454,0.07291541502253442,0.059614696522408216
MostServersFirst,1.1285089729374713,0.20421969718820882,0.19183140919236735

3
ServerFilling,1.1219053981475426,0.20021257803180617,0.1902259017023738
FCFS,1.097269926997992,0.19835957989436306,0.19835957989436306
PreemptiveFirstFit,1.0952051362701374,0.19506743033990795,0.1943621551344652
MaxWeight,0.9964911570779252,0.07681091804415782,0.06864427997848868
LeastServersFirst,0.9920464020873802,0.07249781562064263,0.05941472911072194
MostServersFirst,1.1228909369167637,0.20164181802414205,0.19008955159897672

4
ServerFilling,1.1242003185200231,0.20107600314343324,0.19092839225818847
FCFS,1.0993345617220198,0.1988963340765584,0.1988963340765584
PreemptiveFirstFit,1.0975354420476462,0.1959437840739757,0.19538669103216014
MaxWeight,0.9975629254333979,0.07623406405731137,0.06816322564580167
LeastServersFirst,0.99316224523263,0.07217381563685657,0.05942333094338418
MostServersFirst,1.125245938031542,0.20278290510450284,0.19077369153811577

rho 0.2, E[T_Q^MG1] 0.44184782608695655, W_max 9.2
0
ServerFilling,1.4188540936265028,0.46227687268902756,0.42410387761182594
FCFS,1.3510396232051314,0.4515472103362968,0.4515472103362968
PreemptiveFirstFit,1.3371519863624042,0.4293498733358753,0.4238969653639764
MaxWeight,1.1283546485926053,0.18252250608745643,0.1445504746554892
LeastServersFirst,1.1113606482219265,0.17010781669424066,0.11361231552071087
MostServersFirst,1.4315797177369325,0.4833010838831095,0.42212713837319216

1
ServerFilling,1.4137714857287678,0.4586300808439726,0.4194836711368908
FCFS,1.344139469512383,0.44694570068656536,0.44694570068656536
PreemptiveFirstFit,1.3306133734358916,0.42489285924436393,0.419494058011899
MaxWeight,1.1250668118740064,0.18158204481688142,0.14477384380874297
LeastServersFirst,1.1082348305279666,0.16920085426068404,0.11355199973690949
MostServersFirst,1.4266303181241444,0.4796613374418394,0.41745671386651323

2
ServerFilling,1.426661425261273,0.46694229839390794,0.42680046172488
FCFS,1.356265697996996,0.4547421896703435,0.4547421896703435
PreemptiveFirstFit,1.341779819828036,0.43144511740160757,0.4259858532650481
MaxWeight,1.1333276388660103,0.18535011329083984,0.14713820965571636
LeastServersFirst,1.1159245065182306,0.17238993939121158,0.11509081998376075
MostServersFirst,1.4394067927706424,0.48762505258786537,0.42476522830183416

3
ServerFilling,1.419832170003611,0.4633373293101629,0.4242426795636432
FCFS,1.3512010828179277,0.45229073571449335,0.45229073571449335
PreemptiveFirstFit,1.3369451355435917,0.4300218413191731,0.4244241819148548
MaxWeight,1.1302191839879299,0.18466640513914706,0.14750956992829448
LeastServersFirst,1.1126055973897349,0.17178979516405585,0.11509503362377582
MostServersFirst,1.4327953217384304,0.48385232039589365,0.4221337024102183

4
ServerFilling,1.4203928556688772,0.46332900066494365,0.4236346171467096
FCFS,1.351502084457096,0.45106385681156186,0.45106385681156186
PreemptiveFirstFit,1.337649748361928,0.42891169715760336,0.4233240656540041
MaxWeight,1.1302779874204816,0.1836031519821831,0.14656433857803414
LeastServersFirst,1.1129152163462768,0.17078515387427953,0.1146854193798744
MostServersFirst,1.433150650593466,0.48371648879547113,0.42165447641967607

rho 0.3, E[T_Q^MG1] 0.7574534161490685, W_max 9.2
0
ServerFilling,1.81168209507088,0.7977739951449405,0.7218063837434185
FCFS,1.685418683974459,0.785926271105587,0.785926271105587
PreemptiveFirstFit,1.6393650823437715,0.7139720160010963,0.6937085216362732
MaxWeight,1.3080171040115764,0.3267389723230139,0.22958248108607252
LeastServersFirst,1.2712774524981736,0.3081353346082975,0.16513584358425937
MostServersFirst,1.874732902471957,0.8937843342935253,0.7117221244873819

1
ServerFilling,1.8011459073232394,0.7879347127656484,0.7129020838157472
FCFS,1.673984726589145,0.7767909577633217,0.7767909577633217
PreemptiveFirstFit,1.628470247588897,0.7059748107912422,0.6862987250123376
MaxWeight,1.3026952865382342,0.32407794090871644,0.22903564214459918
LeastServersFirst,1.2666185014247482,0.3060890620607301,0.16500015729114745
MostServersFirst,1.8650025957581058,0.8839192793619165,0.7025126699990527

2
ServerFilling,1.822407694424487,0.8036757515147336,0.7269635032677904
FCFS,1.6941432177696225,0.7926197094430112,0.7926197094430112
PreemptiveFirstFit,1.6461585814611135,0.7183025407514791,0.6974091740781927
MaxWeight,1.3155407329867497,0.3310800236559194,0.23265370665883622
LeastServersFirst,1.2781282938819316,0.3125823945478511,0.16709523025490677
MostServersFirst,1.8871303411996112,0.9011909061832264,0.716136169318808

3
ServerFilling,1.8159984414943988,0.8015254434681462,0.7248001638497671
FCFS,1.6894116601324403,0.7905013130289169,0.7905013130289169
PreemptiveFirstFit,1.6408300274969037,0.7167146661856844,0.695393150759995
MaxWeight,1.313087388334672,0.3309677045313509,0.23273647067126516
LeastServersFirst,1.2754461737917924,0.31247072390482,0.1669693038662977
MostServersFirst,1.8797996169669118,0.8980022475946672,0.7140376573931991

4
ServerFilling,1.8127505465998255,0.7973516810807239,0.7209941347682073
FCFS,1.6860267725672724,0.7855885449216906,0.7855885449216906
PreemptiveFirstFit,1.6394808048823506,0.7137498358088769,0.693383368461284
MaxWeight,1.310833388424729,0.3287695238745933,0.23241425293645337
LeastServersFirst,1.2735489530992627,0.3095377518727886,0.16678761338554665
MostServersFirst,1.875719992635401,0.892286246219135,0.7105242385845142

rho 0.4, E[T_Q^MG1] 1.1782608695652175, W_max 9.2
0
ServerFilling,2.3361100263101093,1.2286365682834228,1.1204353078020206
FCFS,2.151585146286457,1.2520927334175393,1.2520927334175393
PreemptiveFirstFit,2.033168592118823,1.0758312187287482,1.0210916455412105
MaxWeight,1.558333788747665,0.5252559937013992,0.3240128173125631
LeastServersFirst,1.4997021682537592,0.5137173957258565,0.2144673761708351
MostServersFirst,2.557374505138594,1.5315719003542438,1.082738626472821

1
ServerFilling,2.315743675440095,1.2122709315567,1.1047605247064307
FCFS,2.132481487717277,1.2352877188914426,1.2352877188914426
PreemptiveFirstFit,2.016892528789978,1.0623978341552256,1.0089156281006042
MaxWeight,1.5503138984038096,0.5208931973278637,0.3244567499583419
LeastServersFirst,1.4918668940623492,0.5085845996626955,0.21462400798518816
MostServersFirst,2.5293664449049387,1.5064597287540784,1.0679246061842136

2
ServerFilling,2.349882922391181,1.2368988949795525,1.1275732984026594
FCFS,2.163609365982484,1.2620858576559104,1.2620858576559104
PreemptiveFirstFit,2.04338232731795,1.0832548946744376,1.0267197776695611
MaxWeight,1.5692620093670941,0.5315515065726731,0.3273712873450645
LeastServersFirst,1.5088381324831492,0.520359039745178,0.21687481432383449
MostServersFirst,2.573293777314364,1.5420524391268715,1.0884918646615056

3
ServerFilling,2.342027928545941,1.2363964863104373,1.1260478202872388
FCFS,2.158657659216627,1.2597473121129692,1.2597473121129692
PreemptiveFirstFit,2.0373181314929174,1.0809064239760893,1.0241384562512132
MaxWeight,1.5649206571003416,0.5310509860740619,0.32747081514316695
LeastServersFirst,1.5047935642526296,0.519152261748771,0.2160120341835324
MostServersFirst,2.5588865306062494,1.5334951625181157,1.0873203649563787

4
ServerFilling,2.333615764330849,1.2270757526030112,1.117812982685466
FCFS,2.149583778128596,1.2491455504829765,1.2491455504829765
PreemptiveFirstFit,2.031952427702703,1.0737790179408233,1.018552993482105
MaxWeight,1.5601314376948008,0.5266870813474732,0.3278405699979096
LeastServersFirst,1.499374288931911,0.5127759107342335,0.21573822072270263
MostServersFirst,2.5478255477280674,1.52072666744563,1.0808788331671877

rho 0.5, E[T_Q^MG1] 1.7673913043478262, W_max 9.2
0
ServerFilling,3.0568597081681435,1.8187831377695443,1.689983702223817
FCFS,2.8461317788329703,1.946639365963919,1.946639365963919
PreemptiveFirstFit,2.5820667177317964,1.5710073622233809,1.4456595113637567
MaxWeight,1.9225296884234515,0.8125909984528327,0.43394208982189814
LeastServersFirst,1.8499938107250171,0.8406131944256389,0.2624595237627661
MostServersFirst,3.6842725600859234,2.5972345528750704,1.5769796802795428

1
ServerFilling,3.0194938905824795,1.7873883486528477,1.6580763556754734
FCFS,2.8078440043686843,1.9106502355428168,1.9106502355428168
PreemptiveFirstFit,2.551064918834202,1.5457865984924686,1.4236967102648173
MaxWeight,1.9037592776370516,0.8004930812731968,0.43175472296526585
LeastServersFirst,1.8328701217249197,0.8261405574223336,0.2621711519895356
MostServersFirst,3.6177249894997012,2.534501324802115,1.54993926361176

2
ServerFilling,3.0660260590400044,1.8259868961303607,1.6935054691622788
FCFS,2.8537979917053535,1.9522744833786274,1.9522744833786274
PreemptiveFirstFit,2.589513931627127,1.5756490106456447,1.4485370082051359
MaxWeight,1.931988472141166,0.818812914638191,0.43836665889382526
LeastServersFirst,1.8590994076366343,0.8471073813708204,0.26498976825211884
MostServersFirst,3.6840823220189427,2.5949929044180737,1.580702746396617

3
ServerFilling,3.054771378903579,1.8207600178234298,1.6888896026644085
FCFS,2.8468963595798784,1.9479860124763384,1.9479860124763384
PreemptiveFirstFit,2.5805616900968467,1.5703714565725795,1.4427044521731758
MaxWeight,1.925379533673453,0.8158768141840755,0.4358501908807071
LeastServersFirst,1.852235429838168,0.8431092505023646,0.2627267921062614
MostServersFirst,3.6555708026719063,2.5720882905491815,1.5783882520232848

4
ServerFilling,3.04660047780018,1.810617508833607,1.6796536933380775
FCFS,2.835142674975639,1.934704447330013,1.934704447330013
PreemptiveFirstFit,2.5735872563907907,1.5628698725441565,1.4377724888225154
MaxWeight,1.9201102482665335,0.8106634285045071,0.4369021889058515
LeastServersFirst,1.8469983507550567,0.83689198663248,0.2641720563983236
MostServersFirst,3.6595892711403155,2.5754060905330567,1.5694269963836165

rho 0.6, E[T_Q^MG1] 2.651086956521739, W_max 9.2
0
ServerFilling,4.079619259161912,2.6819473409343186,2.5453438227035208
FCFS,3.947764243035029,3.0482718301660765,3.0482718301660765
PreemptiveFirstFit,3.390232361091077,2.2950902291457878,2.0338784345174865
MaxWeight,2.471610567616013,1.2479863185191147,0.5661147814402536
LeastServersFirst,2.441325649762501,1.4075401033588046,0.30804028792991817
MostServersFirst,5.625501612804538,4.460865082291106,2.253065695556409

1
ServerFilling,4.033068889152107,2.637070118292827,2.500280042256184
FCFS,3.9003488331125404,3.003155064286653,3.003155064286653
PreemptiveFirstFit,3.3494624613656514,2.261068229714564,2.0063962349707483
MaxWeight,2.4489120985287607,1.2332730575855337,0.5662057817669122
LeastServersFirst,2.421107854271412,1.390312428904389,0.3091921028998837
MostServersFirst,5.587473287748869,4.423205253180812,2.212016873883321

2
ServerFilling,4.102484148685665,2.6936243363453642,2.5544436649756923
FCFS,3.9729882914100885,3.0714647830834556,3.0714647830834556
PreemptiveFirstFit,3.4044222583270156,2.3047863917438742,2.039689063723388
MaxWeight,2.4879320045482785,1.259730038153658,0.5725196402024186
LeastServersFirst,2.4624164316756625,1.4264849109461257,0.3119330341859751
MostServersFirst,5.715454835307488,4.541858509784389,2.25324193831661

3
ServerFilling,4.0802964787427785,2.6812725032483793,2.541659524754777
FCFS,3.95436752860591,3.0554571815022933,3.0554571815022933
PreemptiveFirstFit,3.387998106962645,2.2951796404997746,2.034462697596661
MaxWeight,2.4745134742311268,1.2518090303333804,0.5689896629509159
LeastServersFirst,2.446488578738334,1.413250202713903,0.30852585754839507
MostServersFirst,5.65334012086872,4.487733361277392,2.245527785172822

4
ServerFilling,4.07665536282728,2.674634798414872,2.5363482845747516
FCFS,3.9500133765073606,3.0495751488616456,3.0495751488616456
PreemptiveFirstFit,3.385058008050505,2.2891596308411395,2.0261319244525566
MaxWeight,2.4770045943167545,1.2536437263917415,0.5730010949297423
LeastServersFirst,2.4486526820607355,1.4141164794497025,0.31147564281337947
MostServersFirst,5.683882873221671,4.51594176028735,2.2419433992689606

rho 0.7, E[T_Q^MG1] 4.12391304347826, W_max 9.2
0
ServerFilling,5.693611877099951,4.1015823873351325,3.9715157598317496
FCFS,5.985172734450756,5.085680321581381,5.085680321581381
PreemptiveFirstFit,4.728642585720878,3.5058661992434823,2.9928107150056147
MaxWeight,3.3907622266455713,1.9874644587317607,0.7418146185788984
LeastServersFirst,3.6744212454934067,2.6156389278862906,0.35494530588600315
MostServersFirst,9.65310378786112,8.372495245544151,3.2149783074182934

1
ServerFilling,5.645531044408945,4.053537618213523,3.9241360797038363
FCFS,5.9468103758238495,5.04961660699798,5.04961660699798
PreemptiveFirstFit,4.685837624922592,3.4667363910527924,2.961133529165543
MaxWeight,3.3708820428970867,1.9740370140762913,0.7418223870309435
LeastServersFirst,3.6686178472210345,2.6128568467167415,0.35401356196685135
MostServersFirst,9.66837957541044,8.379404540551294,3.1657187286074397

2
ServerFilling,5.758355412722302,4.151893352531674,4.020856620520084
FCFS,6.082320687634238,5.180797179307722,5.180797179307722
PreemptiveFirstFit,4.777477473785248,3.547412910197967,3.0266654089678555
MaxWeight,3.436334822475222,2.024385459642109,0.7543574513744721
LeastServersFirst,3.7590105018867366,2.6979082199542264,0.359522326517649
MostServersFirst,9.949664584377416,8.656116397500016,3.2319706239358514

3
ServerFilling,5.690484297016434,4.097358346281135,3.9651691749033575
FCFS,5.992120924229334,5.093210577125601,5.093210577125601
PreemptiveFirstFit,4.7191256606775,3.498855609905486,2.9851515921242227
MaxWeight,3.3929980759538747,1.9909286895717597,0.7436314646797715
LeastServersFirst,3.695980395239015,2.6377657855698478,0.3545151140082875
MostServersFirst,9.63199009701666,8.351055453698972,3.2053707086686773

4
ServerFilling,5.726402558075071,4.127790848846241,3.996907906228836
FCFS,6.049984440294431,5.149546212648821,5.149546212648821
PreemptiveFirstFit,4.758075225396441,3.5316224923653765,3.0146347845590276
MaxWeight,3.4259100732617576,2.0174559707487547,0.7507365888406937
LeastServersFirst,3.742333631962199,2.682622817197556,0.35800588017847124
MostServersFirst,9.905255423154562,8.614593538704558,3.2165670702813394

rho 0.8, E[T_Q^MG1] 7.069565217391307, W_max 9.2
0
ServerFilling,8.714944176093917,6.895108514360696,6.787224162200289
FCFS,10.909340609480461,10.00984819661128,10.00984819661128
PreemptiveFirstFit,7.385421499425896,5.961655843338118,4.965990931156624
MaxWeight,5.218320567455774,3.4956145745672824,1.0239237686082518
LeastServersFirst,7.954451447322944,6.869756824451853,0.40173578040316005
MostServersFirst,19.834117339697613,18.34031213536233,4.6975790291091135

1
ServerFilling,8.706165602605976,6.894276801877866,6.7860104586923
FCFS,10.992848868987444,10.095655100161899,10.095655100161899
PreemptiveFirstFit,7.384218425713515,5.964972898588161,4.972329712777585
MaxWeight,5.22809079258031,3.511932657172146,1.0306557122791573
LeastServersFirst,7.8873073895150005,6.805807557299282,0.39795891215461404
MostServersFirst,20.0730322599152,18.598080788731018,4.660292575798377

2
ServerFilling,8.977574829133596,7.143356717576682,7.034805773122158
FCFS,11.49889748222351,10.59737397389651,10.59737397389651
PreemptiveFirstFit,7.628583091019794,6.189796514298555,5.166779588468615
MaxWeight,5.4039951360884855,3.654643229885991,1.0572799800064183
LeastServersFirst,8.43158163557095,7.344471272804181,0.4050615496156666
MostServersFirst,21.289184511794517,19.7763837413483,4.768535320821955

3
ServerFilling,8.760624437354567,6.940400977812678,6.830669028835991
FCFS,11.187016774725597,10.288106427621898,10.288106427621898
PreemptiveFirstFit,7.427842002798041,6.0017544380054995,4.996693506206718
MaxWeight,5.264977935842617,3.537489709435112,1.0288356166495198
LeastServersFirst,8.174917054112218,7.090625844082162,0.39973716316712066
MostServersFirst,20.359006224804617,18.864712283390194,4.677658292391233

4
ServerFilling,8.99205022643843,7.169397928901629,7.0601441272202825
FCFS,11.702093369151775,10.801655141506126,10.801655141506126
PreemptiveFirstFit,7.65871099383949,6.224577294067373,5.203767345996902
MaxWeight,5.417791427300248,3.677412191394195,1.0730155427658712
LeastServersFirst,8.670686127914474,7.5847947618362666,0.4041476641349571
MostServersFirst,21.9701472669692,20.464651820298634,4.759847691963145

rho 0.9, E[T_Q^MG1] 15.90652173913044, W_max 9.2
0
ServerFilling,17.397973076369404,15.330221969525182,15.254972270501678
FCFS,45.03578114154482,44.13628872867487,44.13628872867487
PreemptiveFirstFit,15.561550454935661,13.802370848050657,11.828706728578426
MaxWeight,10.709679134330909,8.320047325644689,2.046378173927875
LeastServersFirst,inf,inf,inf
MostServersFirst,66.14012906481504,64.21182035279814,7.284841826363103

1
ServerFilling,17.273725766172674,15.218561673213912,15.143025569567175
FCFS,41.21638297646145,40.31918920763827,40.31918920763827
PreemptiveFirstFit,15.485862224039321,13.744048508694613,11.822006127939481
MaxWeight,10.64714545941249,8.290865100912923,2.0909813498438
LeastServersFirst,inf,inf,inf
MostServersFirst,64.29501574935512,62.39556363259293,7.301488488215286

2
ServerFilling,18.35109632079463,16.268547854597195,16.194393909540842
FCFS,53.59312137571273,52.69159786738813,52.69159786738813
PreemptiveFirstFit,16.497341235902063,14.71827691399425,12.70142441848962
MaxWeight,11.316141981479701,8.875103922361351,2.1930070146538467
LeastServersFirst,inf,inf,inf
MostServersFirst,70.75166825641422,68.81152030851436,7.570461519582323

3
ServerFilling,17.760795170023048,15.693729406359855,15.61833075213013
FCFS,47.05399828395213,46.15508793684623,46.15508793684623
PreemptiveFirstFit,15.912353963863392,14.152760610209171,12.173963156872485
MaxWeight,10.925800280355029,8.528095152518103,2.0987770115368756
LeastServersFirst,inf,inf,inf
MostServersFirst,68.63704903485454,66.73223540990989,7.324498966526216

4
ServerFilling,18.923109983845084,16.850402380354396,16.775203442892206
FCFS,50.66237939876399,49.76194117111725,49.76194117111725
PreemptiveFirstFit,17.097020721335088,15.329069319184228,13.330812566712392
MaxWeight,11.698593750422804,9.28044551657323,2.406049574825362
LeastServersFirst,inf,inf,inf
MostServersFirst,74.50799285145247,72.5736272695947,7.657881311990112

E[s] 0.6517857142857142, E[service] 0.609375, dist [(1, 1.0, 0.5714285714285714), (2, 8.0, 0.2857142857142857), (4, 64.0, 0.14285714285714285)], num_jobs 1000000, num_servers 4
rho 0.1, E[T_Q^MG1] 0.025137937595129382, W_max 4
0
ServerFilling,0.6093997474486452,0.0002787620360876896,0.00027736345784069237
FCFS,0.6814713734169807,0.07343871422304481,0.07343871422304481
PreemptiveFirstFit,0.6550617063138238,0.04687835326821293,0.030547979057909867
MaxWeight,0.6649897905463447,0.05566714079582399,0.030363390784701655
LeastServersFirst,0.6650951540412081,0.055818296098086105,0.03046347073444961
MostServersFirst,0.6093507132176347,0.0001702220284444316,0.00015884899424572864

1
ServerFilling,0.6102246488115508,0.0002935286820734582,0.0002929206780981003
FCFS,0.6822876771895411,0.07342718622324738,0.07342718622324738
PreemptiveFirstFit,0.6561457110447543,0.04713359196140294,0.030706691748889067
MaxWeight,0.6660551452583154,0.05589458784509115,0.030528031299058025
LeastServersFirst,0.6661622216178689,0.05604317248593488,0.03061461475996804
MostServersFirst,0.6101662094672772,0.000175886673108017,0.00016774019447645652

2
ServerFilling,0.6103055388441657,0.00024994381889269153,0.00024928283952868244
FCFS,0.6842895879063603,0.07533019756072909,0.07533019756072909
PreemptiveFirstFit,0.6570841826614225,0.0479770733923768,0.03124745959284473
MaxWeight,0.6672120320448048,0.05697494916759535,0.03107917183276831
LeastServersFirst,0.667284632840069,0.05708060181483919,0.03116182872503681
MostServersFirst,0.610260289909965,0.00015167492450866212,0.0001460591091880933

3
ServerFilling,0.6103851722324967,0.00028976110782338377,0.00028841141514328935
FCFS,0.6824750301063898,0.07346351904542726,0.07346351904542726
PreemptiveFirstFit,0.6562708225697288,0.047110068256963844,0.030792979612985567
MaxWeight,0.6661420804701829,0.05585115767757108,0.0306073496149505
LeastServersFirst,0.6662418476729982,0.05599226456495477,0.03069913579536727
MostServersFirst,0.6103290517295135,0.00017289785418617625,0.00016317592052312845

4
ServerFilling,0.6088900104215259,0.0002828812421330282,0.0002826393255503996
FCFS,0.6796694148968372,0.07214461515957213,0.07214461515957213
PreemptiveFirstFit,0.6542370270222504,0.04655885414754317,0.030659666209739735
MaxWeight,0.6643598918344181,0.055557578992892286,0.030482997975771545
LeastServersFirst,0.6644631955442155,0.055704749832287834,0.030576012734614206
MostServersFirst,0.6088417378257763,0.00017862903952224125,0.00017041641410983985

rho 0.2, E[T_Q^MG1] 0.056560359589041105, W_max 4
0
ServerFilling,0.6137723674211295,0.002804976825814995,0.00279032448196906
FCFS,0.8158588570264677,0.20782619783252573,0.20782619783252573
PreemptiveFirstFit,0.7005806037346828,0.09187515881795873,0.04524667703817674
MaxWeight,0.7402949752568465,0.12817825280615455,0.04439985889470543
LeastServersFirst,0.7417767679296624,0.12978087651680714,0.04472356465967654
MostServersFirst,0.6130535725494548,0.0016060004453606802,0.001372772771362652

1
ServerFilling,0.6146865942226639,0.0029471656048134644,0.0029361194701295486
FCFS,0.8161393757969677,0.20727888483062643,0.20727888483062643
PreemptiveFirstFit,0.701250637586109,0.0917395992794391,0.04520454909883266
MaxWeight,0.7406892975415817,0.1276993452310754,0.044372441483625895
LeastServersFirst,0.7421756106702687,0.12924511938162103,0.04466001482514312
MostServersFirst,0.6139236815587745,0.001715233907524773,0.0014660586857781067

2
ServerFilling,0.6146664555606225,0.0027744532532971967,0.0027603101601247986
FCFS,0.8208245951904871,0.211865204844853,0.211865204844853
PreemptiveFirstFit,0.7027186452488287,0.09309349199875633,0.04586460751226561
MaxWeight,0.7426016893158565,0.12946876943457733,0.045037577137592114
LeastServersFirst,0.743941350509672,0.13090498028412173,0.045331376716381974
MostServersFirst,0.6139673476088036,0.0015959644269561764,0.0013889020179576985

3
ServerFilling,0.6147641704743855,0.0028212268420874037,0.0028111599242493608
FCFS,0.8166700578176639,0.2076585467566538,0.2076585467566538
PreemptiveFirstFit,0.7016058879207463,0.09193088778387366,0.04526057015560132
MaxWeight,0.7406470199823255,0.12754181416008012,0.04440237398660422
LeastServersFirst,0.7419232845529862,0.12892879881775793,0.04470124762143099
MostServersFirst,0.6140553785568695,0.0016297014773786903,0.001421128064374958

4
ServerFilling,0.6133080000913387,0.002879984932511405,0.0028697951377491954
FCFS,0.8137517712000122,0.20622697146269717,0.20622697146269717
PreemptiveFirstFit,0.6997121427880482,0.09153145988128628,0.04536240247454681
MaxWeight,0.7388583307893886,0.1272342712406872,0.04450941867660654
LeastServersFirst,0.7401399155930919,0.12862534759501834,0.04482891134074173
MostServersFirst,0.6125771715329167,0.0016779237073654013,0.0014344975157592444

rho 0.3, E[T_Q^MG1] 0.09696061643835618, W_max 4
0
ServerFilling,0.625089399996718,0.011503976171865327,0.011460574226231772
FCFS,1.0670804632953903,0.45904780410147633,0.45904780410147633
PreemptiveFirstFit,0.7497810799590027,0.14005935501559352,0.059672046772049264
MaxWeight,0.8403527306183698,0.22293454213368097,0.05728640779820932
LeastServersFirst,0.848475167588975,0.23123188172420597,0.057884082644263604
MostServersFirst,0.6218101284975064,0.006611868147300387,0.005147413650501451

1
ServerFilling,0.6259832068855116,0.011673320844628084,0.01162320609852379
FCFS,1.0670182969125828,0.45815780594623495,0.45815780594623495
PreemptiveFirstFit,0.7498673517970074,0.1393465093095323,0.05956977196973105
MaxWeight,0.8403687258258027,0.22238885984431142,0.05718903708777181
LeastServersFirst,0.8489531197648905,0.23119768491949386,0.05778835952047792
MostServersFirst,0.6226567921195809,0.006767317742314844,0.005205218272639505

2
ServerFilling,0.6261258805286227,0.011583843058751896,0.01153372441807661
FCFS,1.0750594620356666,0.46610007169008044,0.46610007169008044
PreemptiveFirstFit,0.752078755560607,0.14141779834915802,0.060170348004249995
MaxWeight,0.8430438429750953,0.22473556494508526,0.057792561932460164
LeastServersFirst,0.8515227104329904,0.23340144817818964,0.05838273966652341
MostServersFirst,0.6228917128730639,0.006749548237775081,0.005259437209895033

3
ServerFilling,0.6260953298406665,0.011578694722360255,0.01153754180456373
FCFS,1.0668410021096277,0.4578294910486763,0.4578294910486763
PreemptiveFirstFit,0.7504779502328712,0.139779195825891,0.05948456359685125
MaxWeight,0.8419547898314647,0.22358920451971218,0.05708320481549739
LeastServersFirst,0.849962129155009,0.2317713947329524,0.057687509191123504
MostServersFirst,0.6228158506500647,0.006717725116557717,0.0052746732153062074

4
ServerFilling,0.6246892120839419,0.011670256575860658,0.011623225173759124
FCFS,1.0649294396996232,0.45740463996229896,0.45740463996229896
PreemptiveFirstFit,0.7488183930784216,0.13960144951338552,0.05962988956943649
MaxWeight,0.8401780768312482,0.2234917356247077,0.057239962635604526
LeastServersFirst,0.8485441639525646,0.23199843792687286,0.057855551340032924
MostServersFirst,0.6214127221545734,0.006805313537628492,0.005270956916572309

rho 0.4, E[T_Q^MG1] 0.1508276255707763, W_max 4
0
ServerFilling,0.6492665884727291,0.03248517026273305,0.03236882130715362
FCFS,1.6148915998326947,1.00685894063874,1.00685894063874
PreemptiveFirstFit,0.8094187601682602,0.1980152195748921,0.08273446513705197
MaxWeight,0.9726452763125119,0.3474255268754919,0.07677177711090184
LeastServersFirst,1.0054501953147563,0.38018831447040113,0.07775030532780598
MostServersFirst,0.6394575595803198,0.018951872945012518,0.013056020461602437

1
ServerFilling,0.6499099755259015,0.03240292676503275,0.032280846652415845
FCFS,1.6252347738710766,1.0163742829047697,1.0163742829047697
PreemptiveFirstFit,0.808718882093431,0.19653082106034853,0.08234295850256111
MaxWeight,0.9739208478586141,0.34775174747412096,0.07644088948358191
LeastServersFirst,1.0075575861837103,0.3811754600142069,0.07743910229248001
MostServersFirst,0.6401002860210503,0.01888729953604044,0.012910626212928324

2
ServerFilling,0.6506168386984975,0.032855106830342186,0.03272601602900642
FCFS,1.635172398502418,1.02621300815687,1.02621300815687
PreemptiveFirstFit,0.8118683638421004,0.19949483995333586,0.08325122663440133
MaxWeight,0.9766072182376538,0.350371594175942,0.07712716856412846
LeastServersFirst,1.0096922396145986,0.38353711515993283,0.07814700861561094
MostServersFirst,0.6407271992892041,0.019238849698024023,0.013248954327117313

3
ServerFilling,0.6498232355891227,0.032147271686493166,0.03202902302744672
FCFS,1.6207653121246288,1.0117538010636633,1.0117538010636633
PreemptiveFirstFit,0.8091950882503967,0.196890629850759,0.08199471790109755
MaxWeight,0.9746069416519916,0.3481691211347877,0.0760687982805757
LeastServersFirst,1.0070642106410528,0.38054391003820337,0.0770429597117052
MostServersFirst,0.6401346108770165,0.01877204638952323,0.012960875130532738

4
ServerFilling,0.6484922872545027,0.03227403846149498,0.032155130412687825
FCFS,1.6174349413679185,1.0099101416304856,1.0099101416304856
PreemptiveFirstFit,0.8078865437207516,0.19703189203694488,0.08221857077279139
MaxWeight,0.9713332918022469,0.3468569689620548,0.07627592463473254
LeastServersFirst,1.0027227648674917,0.378603412760274,0.07727499849141163
MostServersFirst,0.6388617407281257,0.018987732180387837,0.013016856583897556

rho 0.5, E[T_Q^MG1] 0.22624143835616442, W_max 4
0
ServerFilling,0.6951702557697496,0.0748463898227289,0.07459798197097799
FCFS,3.566101100241981,2.9580684410480997,2.9580684410480997
PreemptiveFirstFit,0.8888684091995536,0.2750717856111073,0.12392253109345978
MaxWeight,1.1524061783328075,0.5155975061082022,0.10944991272920057
LeastServersFirst,1.2529683475763305,0.6157400880117988,0.11070199366406366
MostServersFirst,0.6715889569197064,0.04422605350751384,0.026150397313564253

1
ServerFilling,0.6955768921193644,0.07448436370356502,0.07423114535209516
FCFS,3.5674431619559157,2.9585826709893164,2.9585826709893164
PreemptiveFirstFit,0.8873503393637074,0.27278216068333355,0.12308362945863384
MaxWeight,1.1540437092782703,0.516097999337416,0.10866981396906046
LeastServersFirst,1.2538700355747074,0.6156278013618606,0.10984635053934017
MostServersFirst,0.6720903462043745,0.0440475469991128,0.026019243757589072

2
ServerFilling,0.6964733693524212,0.0751634865499575,0.0749026057473698
FCFS,3.6408836113615144,3.0319242210158857,3.0319242210158857
PreemptiveFirstFit,0.8907942605702432,0.2761267443365159,0.12424562313456845
MaxWeight,1.1534631760604888,0.5156189909954473,0.10977223997832798
LeastServersFirst,1.2529949035431764,0.6148357904340945,0.11101337389731958
MostServersFirst,0.6728262835550423,0.04446007783255738,0.026425294144453312

3
ServerFilling,0.6949756921610762,0.0737692442451193,0.07351860923402577
FCFS,3.6290030548386722,3.0199915437777913,3.0199915437777913
PreemptiveFirstFit,0.8878256902920145,0.27311117001990265,0.12261984999700863
MaxWeight,1.1515370253325956,0.5134832447289609,0.10828702196134185
LeastServersFirst,1.2505713613058662,0.6123838974907595,0.10953103204851002
MostServersFirst,0.6718718792353822,0.04366252453742185,0.026021810925697747

4
ServerFilling,0.6935280248909979,0.07376082956955454,0.07351748072711925
FCFS,3.5367320442021573,2.9292072444648785,2.9292072444648785
PreemptiveFirstFit,0.8862407264051185,0.27302481085095054,0.12255507793158106
MaxWeight,1.1493000678235528,0.5132875835267209,0.10840927122983741
LeastServersFirst,1.244956730796483,0.6083746452410882,0.10964373060847157
MostServersFirst,0.6704485258350416,0.0437192693816345,0.025821387859514034

rho 0.6, E[T_Q^MG1] 0.3393621575342466, W_max 4
0
ServerFilling,0.7798711223060407,0.15580790493344632,0.15534307041518758
FCFS,inf,inf,inf
PreemptiveFirstFit,1.0052036181963029,0.3883428603438131,0.19968706625523275
MaxWeight,1.410296911171027,0.7550928112373908,0.1658607607101347
LeastServersFirst,1.6772477459202801,1.0211495341238785,0.165571729226484
MostServersFirst,0.7292632411245163,0.09355386148302429,0.04582863848720468

1
ServerFilling,0.7792239674035248,0.154489039565192,0.1540305194916591
FCFS,inf,inf,inf
PreemptiveFirstFit,1.0023743988567775,0.3847890007411731,0.19845112386502842
MaxWeight,1.4079872461278031,0.7520282642187617,0.16478463550953254
LeastServersFirst,1.6725627494201327,1.0169814397307073,0.16439435546787232
MostServersFirst,0.7290768634644171,0.0927968551834838,0.045663001651330075

2
ServerFilling,0.779679246275468,0.15467184084902916,0.15421643189918274
FCFS,inf,inf,inf
PreemptiveFirstFit,1.0052604639933982,0.38747038639999826,0.1987200023241995
MaxWeight,1.4068007201478443,0.7512240339508695,0.16529793575370824
LeastServersFirst,1.6650055589838682,1.0087993487518812,0.1652282165615344
MostServersFirst,0.7293537181838806,0.0927125497009545,0.04586954521862592

3
ServerFilling,0.7787383121292456,0.15381995275246346,0.15335616686949932
FCFS,inf,inf,inf
PreemptiveFirstFit,1.0030396824624181,0.3851889108639499,0.19756962721900034
MaxWeight,1.407330701296277,0.751400289114729,0.1641105651030792
LeastServersFirst,1.6638121176874257,1.0076337637823496,0.16377469909896744
MostServersFirst,0.7288475643629048,0.09228872040222684,0.04558340722252987

4
ServerFilling,0.7766333024564547,0.15316527869171492,0.15271843924303496
FCFS,inf,inf,inf
PreemptiveFirstFit,1.0007786210782408,0.38446505991665814,0.19708850236597514
MaxWeight,1.4030290843153583,0.7486643774941024,0.1639981517699831
LeastServersFirst,1.661179208054343,1.0061328856124587,0.16374925964259168
MostServersFirst,0.7269455520214206,0.09199937239868643,0.04523394879299486

rho 0.7, E[T_Q^MG1] 0.527896689497717, W_max 4
0
ServerFilling,0.9402317768621691,0.31247230859158454,0.3116943102803609
FCFS,inf,inf,inf
PreemptiveFirstFit,1.1963798202860771,0.57559431059735,0.34778980890298833
MaxWeight,1.8266438546911465,1.1438393970986371,0.269718717773332
LeastServersFirst,2.550935437966335,1.866815379235574,0.25823885504340166
MostServersFirst,0.8365803548267448,0.19127050726529687,0.07285973092047404

1
ServerFilling,0.9384587272401759,0.30997566021236195,0.30921150639802697
FCFS,inf,inf,inf
PreemptiveFirstFit,1.1914116771947134,0.5698802289214765,0.344721200851264
MaxWeight,1.821883111516803,1.1380299932596838,0.26753542616462167
LeastServersFirst,2.505518922085047,1.8223619970294667,0.2558765095661551
MostServersFirst,0.8353781027483278,0.18947068068676476,0.07268592301377952

2
ServerFilling,0.9379993548086745,0.3092956883400156,0.30854668332995033
FCFS,inf,inf,inf
PreemptiveFirstFit,1.1931760105445393,0.5714917888838067,0.3438574052248343
MaxWeight,1.8215831327919458,1.1375404474957804,0.2671164839397226
LeastServersFirst,2.526627425053631,1.8422679392312753,0.2557512507179636
MostServersFirst,0.8349615819173998,0.1888123088934311,0.07311310297667158

3
ServerFilling,0.936920213984122,0.3082761254025851,0.30750316096995217
FCFS,inf,inf,inf
PreemptiveFirstFit,1.1911392242160663,0.5694307869546135,0.34312810539543426
MaxWeight,1.8208185322269048,1.1368873202176117,0.26642862990025395
LeastServersFirst,2.5381080092825536,1.8533897251720128,0.2554119721642864
MostServersFirst,0.8345016779155365,0.1882406904362541,0.07285155224702827

4
ServerFilling,0.9349477948757197,0.3077821963783137,0.3070195274273158
FCFS,inf,inf,inf
PreemptiveFirstFit,1.189154850401718,0.5690522388676614,0.3427678748387069
MaxWeight,1.814899057252235,1.133146820059071,0.26633369785068045
LeastServersFirst,2.515913950764887,1.8334794151765355,0.25514211477057686
MostServersFirst,0.8327796214421986,0.18822743107759507,0.07246803042056602

rho 0.8, E[T_Q^MG1] 0.9049657534246579, W_max 4
0
ServerFilling,1.2841004849229427,0.6527897255865233,0.6515878716662202
FCFS,inf,inf,inf
PreemptiveFirstFit,1.5692822551540853,0.9439055038642977,0.6740682945606922
MaxWeight,2.64331624524411,1.9176841784627126,0.4908173531610309
LeastServersFirst,5.244198465596384,4.510262033989529,0.41935077226426254
MostServersFirst,1.0625251981400048,0.4063740233435009,0.10888731751303889

1
ServerFilling,1.2763306486900745,0.64428511729164,0.6431030571345258
FCFS,inf,inf,inf
PreemptiveFirstFit,1.5580134401931987,0.9319142022991664,0.6653020627053319
MaxWeight,2.620800599480927,1.8950359144155118,0.48434533309584354
LeastServersFirst,5.165331703319228,4.432247332648155,0.4148594342443245
MostServersFirst,1.0579155834124094,0.40116522672313976,0.10893711261228335

2
ServerFilling,1.2823698188979002,0.6501221166197592,0.6489463005103423
FCFS,inf,inf,inf
PreemptiveFirstFit,1.5656022553952866,0.9393321243888061,0.6704013196709737
MaxWeight,2.636294126206445,1.909755608912722,0.4870374287982814
LeastServersFirst,5.182334511228359,4.447719135822031,0.41570096361561254
MostServersFirst,1.0620319454686709,0.40505508529561574,0.10948539531381515

3
ServerFilling,1.2798064443004658,0.6475777821947524,0.646399332379775
FCFS,inf,inf,inf
PreemptiveFirstFit,1.562905526288466,0.9365426135357668,0.6682240299859973
MaxWeight,2.6401021076610927,1.9131174094814127,0.4860966480385378
LeastServersFirst,5.209018413799018,4.473412060754894,0.4145220570035707
MostServersFirst,1.0610108139224148,0.40384272381770553,0.10977578983353375

4
ServerFilling,1.2706951551802208,0.6399441830745828,0.6387617472166797
FCFS,inf,inf,inf
PreemptiveFirstFit,1.5542940362499764,0.9295181777834325,0.6612796015198871
MaxWeight,2.613742124913963,1.8893977762057266,0.48306152924645906
LeastServersFirst,5.135786480078036,4.403648844515292,0.4152964641606963
MostServersFirst,1.0542672245173557,0.39888980502961774,0.1081928883950539

rho 0.9, E[T_Q^MG1] 2.03617294520548, W_max 4
0
ServerFilling,2.327940805859792,1.6933097118017688,1.691548990319847
FCFS,inf,inf,inf
PreemptiveFirstFit,2.6412310672324693,2.0103596916306556,1.6947276709634274
MaxWeight,5.0858520676048204,4.297612028793983,1.17313820294251
LeastServersFirst,301.3308743359853,300.45025513566685,0.7314073302836284
MostServersFirst,1.7433752559228624,1.075281807933461,0.1559620260123387

1
ServerFilling,2.341608102226224,1.7062124829676686,1.7044705970568634
FCFS,inf,inf,inf
PreemptiveFirstFit,2.6506468454391183,2.0191335386976714,1.7071689678300754
MaxWeight,5.1136830741266195,4.323762505527561,1.1801195421869715
LeastServersFirst,256.76579367002273,255.88641213733567,0.7198545494041055
MostServersFirst,1.754592885576162,1.085869242601415,0.15602622599553637

2
ServerFilling,2.357713877149004,1.7220830056448575,1.7203673973544515
FCFS,inf,inf,inf
PreemptiveFirstFit,2.6683085843594454,2.036594549424388,1.722168604116407
MaxWeight,5.151415339903514,4.361290819361718,1.1870023731424932
LeastServersFirst,307.8041258047356,306.9240234367765,0.7301217828935122
MostServersFirst,1.7658278348878385,1.0969131854923189,0.15670947122162363

3
ServerFilling,2.3596245785899925,1.7240285629673635,1.7222683418917215
FCFS,inf,inf,inf
PreemptiveFirstFit,2.6700895015041395,2.0382326655859253,1.7240686072037075
MaxWeight,5.164661536201566,4.374038810006302,1.1888832984915934
LeastServersFirst,407.91654154536093,407.0340228872821,0.7289291425479754
MostServersFirst,1.7695320056141601,1.100348236610762,0.1577776990730743

4
ServerFilling,2.2977937301518296,1.6636947225205148,1.6619767785404393
FCFS,inf,inf,inf
PreemptiveFirstFit,2.6086302805410204,1.9784749724328359,1.6648872099837042
MaxWeight,5.016134346181618,4.229071676075953,1.1535112583793006
LeastServersFirst,156.27023698455972,155.4002064966081,0.7215579314564784
MostServersFirst,1.7254459036639427,1.0580750576241211,0.15468944249418803

