num_jobs 5000000 seed 0
rho;ServerFillingSRPT;GreedySRPT;
0.6;14.858823113166448;4.639193764173919;
0.7;15.933694722866258;5.284159939502144;
0.75;16.744646225028198;5.72980604794824;
0.8;17.86966192992215;6.310349643121553;
0.83;18.79376685417947;6.756159076208955;
0.86;20.054007319894218;7.30764348711617;
0.9;22.64778497811682;8.34142007892079;
0.92;24.800818330238997;9.089319524949595;
0.94;28.98959318555409;10.070335715679716;
0.96;48.48760545347748;11.519020151773683;
0.98;268.9808832180382;14.319189940302826;
0.99;550.9552247365039;18.034833160931154;
num_jobs 5000000 seed 1
rho;ServerFillingSRPT;GreedySRPT;
0.6;14.770885415056044;4.614026518929371;
0.7;15.82713113663237;5.255453048234995;
0.75;16.621303116034923;5.690765434558148;
0.8;17.708280678293498;6.254198638252105;
0.83;18.587297075931026;6.684228036002023;
0.86;19.770005587734225;7.22333735965322;
0.9;22.294724938786405;8.212861792707319;
0.92;24.453596541416196;8.915836498148218;
0.94;28.601871438645492;9.863857404528213;
0.96;42.7998425005465;11.326955322671914;
0.98;232.44205058165412;14.185584443103018;
0.99;500.4520073991899;17.367114741695378;
num_jobs 5000000 seed 2
rho;ServerFillingSRPT;GreedySRPT;
0.6;14.7945919539343;4.63099381445153;
0.7;15.84992944732134;5.277096762356052;
0.75;16.637790364104433;5.709308847556676;
0.8;17.73087853887755;6.275775017706905;
0.83;18.621927298678887;6.707571961402189;
0.86;19.830613462478237;7.24734738551214;
0.9;22.329585939857633;8.242436409850647;
0.92;24.499996095934655;8.94241654748358;
0.94;28.570586886725618;9.873648845850267;
0.96;47.85159378216298;11.253801268972895;
0.98;249.70487907594628;13.978681827367849;
0.99;516.0415878359292;17.13373998962489;
num_jobs 5000000 seed 3
rho;ServerFillingSRPT;GreedySRPT;
0.6;14.70337728920542;4.58699705633701;
0.7;15.731675872807568;5.219668207926164;
0.75;16.496888965259696;5.647788470220421;
0.8;17.566318898652135;6.1968822098930465;
0.83;18.43147355531964;6.618329343183943;
0.86;19.588688515556004;7.141173183778414;
0.9;21.984038328498755;8.09639039637921;
0.92;23.998138895791424;8.78639819977816;
0.94;27.56327460470014;9.686114850891018;
0.96;38.37166210340194;11.047244602694843;
0.98;223.4161346783319;13.57710249909223;
0.99;490.82534822542164;15.978916912925941;
num_jobs 5000000 seed 4
rho;ServerFillingSRPT;GreedySRPT;
0.6;14.750190427273255;4.605623298279335;
0.7;15.792166191411994;5.246441826527306;
0.75;16.567274062808128;5.678888345384493;
0.8;17.645946228233544;6.238875601221745;
0.83;18.51626382068481;6.665327595262937;
0.86;19.676364139644196;7.192710020980454;
0.9;22.07860410754262;8.160800602444333;
0.92;24.022535620473644;8.836873938234517;
0.94;27.277667523843725;9.750788580788187;
0.96;37.897399219338496;11.059212696672379;
0.98;215.1756358859376;13.253154370918983;
0.99;473.6304910865876;15.140478740459436;
num_jobs 5000000 seed 5
rho;ServerFillingSRPT;GreedySRPT;
0.6;14.848086891561618;4.6482069668530634;
0.7;15.923702065489403;5.298665435514266;
0.75;16.73205221158698;5.744084243464824;
0.8;17.85523200587355;6.32593687056191;
0.83;18.778577543671446;6.768271376003346;
0.86;20.014621732515348;7.329441374947759;
0.9;22.621495703503417;8.349780303633347;
0.92;24.852566068947894;9.05852420594824;
0.94;29.052662518435604;10.04579773317912;
0.96;54.09290469178261;11.507030475249971;
0.98;280.2386725570799;14.26841180271136;
0.99;557.9522275418717;17.911731972143055;
num_jobs 5000000 seed 6
rho;ServerFillingSRPT;GreedySRPT;
0.6;14.758402926888182;4.611501509505204;
0.7;15.801384407352886;5.246902442524059;
0.75;16.5813789436556;5.677710656740097;
0.8;17.660517743605848;6.237646727587392;
0.83;18.542554628250535;6.669487164596585;
0.86;19.739640938238733;7.203273175464764;
0.9;22.226844740641074;8.182735182148393;
0.92;24.338123097980635;8.882508762735707;
0.94;28.127198973175968;9.833532509105982;
0.96;46.56018634544438;11.277557281455726;
0.98;302.23885606138174;13.867163752186311;
0.99;625.1687658769249;16.738307420842172;
num_jobs 5000000 seed 7
rho;ServerFillingSRPT;GreedySRPT;
0.6;14.809249359888309;4.629992911540261;
0.7;15.866677828916854;5.275110694986509;
0.75;16.65811762416211;5.714213436824057;
0.8;17.75878747986636;6.284275088609004;
0.83;18.657350457155296;6.719699410315544;
0.86;19.84597157733053;7.256678411333227;
0.9;22.351141826864144;8.247753914075343;
0.92;24.437363398867426;8.938984640777823;
0.94;28.22065230647213;9.870526091858945;
0.96;46.4140190023913;11.251908937522607;
0.98;274.10968228884036;13.68035976196402;
0.99;578.3068293209409;16.13781205475817;
num_jobs 5000000 seed 8
rho;ServerFillingSRPT;GreedySRPT;
0.6;14.823031429428962;4.637622215302161;
0.7;15.889074789799551;5.28292834958509;
0.75;16.678831726296327;5.723737518685345;
0.8;17.782868772986234;6.2946652466844615;
0.83;18.698600198347332;6.733658122636995;
0.86;19.91042810263335;7.275651403751062;
0.9;22.488106885506152;8.276423234297594;
0.92;24.730146913975297;8.989672165089821;
0.94;28.771462474803084;9.989218276048314;
0.96;46.31162389148025;11.486071354275118;
0.98;261.9931815111226;14.21529198813324;
0.99;535.8399246521899;17.738910270234694;
num_jobs 5000000 seed 9
rho;ServerFillingSRPT;GreedySRPT;
0.6;14.731318904591587;4.591648939353707;
0.7;15.766167010850038;5.223763113072642;
0.75;16.535510245215107;5.6518129465855935;
0.8;17.604839122107556;6.205328152627354;
0.83;18.472558325263012;6.626998643795585;
0.86;19.64154534063044;7.148784935242754;
0.9;22.020396008784395;8.120380475192011;
0.92;23.954333382531093;8.798208905047963;
0.94;27.568079602045554;9.709024581088018;
0.96;39.894742203258076;10.978721212313719;
0.98;186.904946823878;13.368905992699773;
0.99;420.79838043345717;16.011779926235373;
num_jobs 5000000 seed 10
rho;ServerFillingSRPT;GreedySRPT;
0.6;14.778527456507579;4.618090376064662;
0.7;15.830950558689326;5.25793712108422;
0.75;16.625397798765757;5.691812880649021;
0.8;17.725888162713517;6.25905385010373;
0.83;18.626936232164006;6.699811023957144;
0.86;19.821492711621534;7.247989601418136;
0.9;22.368624774788696;8.23882566796403;
0.92;24.533096829101186;8.931712405737754;
0.94;28.45389306395184;9.895862901437912;
0.96;44.73383098007913;11.386923815383707;
0.98;264.9074652487043;14.073520661265423;
0.99;555.5493414815809;16.904385234455738;
num_jobs 5000000 seed 11
rho;ServerFillingSRPT;GreedySRPT;
0.6;14.724839066771828;4.595272087608095;
0.7;15.7598335929624;5.228620587899791;
0.75;16.5292617037786;5.660124467016917;
0.8;17.59865554244016;6.2152489165867095;
0.83;18.48011898736061;6.639749706499056;
0.86;19.638552622603438;7.1641263490934355;
0.9;22.013615202766456;8.136694651831323;
0.92;23.963342408940285;8.791777517638339;
0.94;27.582804576586444;9.695752720686064;
0.96;38.682727854444074;11.013357359981253;
0.98;178.19359494793994;13.488047770076793;
0.99;413.05347788773213;15.906439885499775;
num_jobs 5000000 seed 12
rho;ServerFillingSRPT;GreedySRPT;
0.6;14.719681096098206;4.5991100400167575;
0.7;15.756593076428764;5.231927472206447;
0.75;16.523599327226574;5.662043444434382;
0.8;17.59144784311173;6.222219254807784;
0.83;18.46172360286938;6.643462355459759;
0.86;19.593334200481937;7.1671242158811985;
0.9;21.95373650270638;8.118209688115474;
0.92;23.975838179841872;8.784277316729238;
0.94;27.497277076067363;9.657295861874443;
0.96;39.14976769773593;10.956608025596946;
0.98;231.84511206449605;13.484752148920924;
0.99;485.33391542033223;15.843650968602532;
num_jobs 5000000 seed 13
rho;ServerFillingSRPT;GreedySRPT;
0.6;14.832090519745815;4.640938584519712;
0.7;15.89815836431237;5.286722547704102;
0.75;16.69312598603813;5.7285233295005815;
0.8;17.795773229912356;6.302238063218832;
0.83;18.6913281280131;6.743223065070377;
0.86;19.887632560149115;7.285959006380781;
0.9;22.374325515719036;8.286677194536592;
0.92;24.462765752618225;8.981930663542569;
0.94;28.412835492018974;9.914154158560379;
0.96;48.95408807187907;11.280867340994435;
0.98;257.5956405652798;13.914447088068748;
0.99;525.225492931499;17.06400403681341;
num_jobs 5000000 seed 14
rho;ServerFillingSRPT;GreedySRPT;
0.6;14.739106230222985;4.599324952383989;
0.7;15.784465149592691;5.234764348924777;
0.75;16.56473155279714;5.663962642023808;
0.8;17.63241161254742;6.223244883087131;
0.83;18.499688768731218;6.653181227691271;
0.86;19.655340621852027;7.181733886396659;
0.9;22.061050726863595;8.140788251359337;
0.92;24.135046490644726;8.826241981628478;
0.94;27.81853662515769;9.742188092599555;
0.96;38.12357516715147;11.138483645633707;
0.98;198.88569536664116;13.631240444900197;
0.99;465.30948492969463;16.022171412831213;
num_jobs 5000000 seed 15
rho;ServerFillingSRPT;GreedySRPT;
0.6;14.749951058464266;4.608829054033081;
0.7;15.795035897585809;5.246290965468811;
0.75;16.571050595244138;5.677696040786451;
0.8;17.662307974978912;6.2390169319096085;
0.83;18.559571748288857;6.6697265230751706;
0.86;19.762049863701993;7.208945712684486;
0.9;22.278063959058326;8.20940855168313;
0.92;24.367715082918288;8.924020790945551;
0.94;28.351862354019612;9.863402662623466;
0.96;46.32160110559512;11.335628209631109;
0.98;264.40078149507286;14.155287454635175;
0.99;556.0636519818711;17.589941113383613;
num_jobs 5000000 seed 16
rho;ServerFillingSRPT;GreedySRPT;
0.6;14.830529896267414;4.638548905884606;
0.7;15.89282438026276;5.282366047148634;
0.75;16.688937852722084;5.720058359320587;
0.8;17.805831822450042;6.2895074672638245;
0.83;18.72452680500883;6.725399329836419;
0.86;19.95425099648989;7.268581106901637;
0.9;22.5384823339354;8.289458658354086;
0.92;24.712386215796172;9.010708341392869;
0.94;28.860304210370373;10.004083052496526;
0.96;47.047869187527844;11.429421042639111;
0.98;276.5486294987358;14.341494436939273;
0.99;580.5594952217863;17.684122235314696;
num_jobs 5000000 seed 17
rho;ServerFillingSRPT;GreedySRPT;
0.6;14.820095360621371;4.636572124796031;
0.7;15.873842229609346;5.278952768602769;
0.75;16.663814577780695;5.7146988566355645;
0.8;17.760265900605386;6.27937517255632;
0.83;18.661333265685098;6.715409911327973;
0.86;19.853191583743044;7.2491914248631675;
0.9;22.385626397044295;8.240335026467434;
0.92;24.513625483320162;8.929831266321354;
0.94;28.51964756833316;9.853818190077414;
0.96;46.82572867726493;11.284569568270067;
0.98;240.71536263004265;13.903100833810884;
0.99;506.98131390888193;17.083089948380408;
num_jobs 5000000 seed 18
rho;ServerFillingSRPT;GreedySRPT;
0.6;14.850832179198354;4.645076003024359;
0.7;15.923826735702615;5.291765420262657;
0.75;16.730751096785582;5.732009408253973;
0.8;17.846581299466056;6.307601233798554;
0.83;18.76534683437575;6.750609304619071;
0.86;20.001877567481063;7.304489225805381;
0.9;22.608596557502313;8.331281123730847;
0.92;24.905103277760183;9.058942145649342;
0.94;29.426280912512237;10.03826096149874;
0.96;61.06962545238328;11.585051073730419;
0.98;338.6465277815132;14.779022435996767;
0.99;665.1624805542222;18.71778293215418;
num_jobs 5000000 seed 19
rho;ServerFillingSRPT;GreedySRPT;
0.6;14.7128454375308;4.592531746283323;
0.7;15.744049726867118;5.219868580093767;
0.75;16.514926374346647;5.64432270447933;
0.8;17.566406707990794;6.197456015839959;
0.83;18.42035659126384;6.620483462542798;
0.86;19.55964706622298;7.1458258929944085;
0.9;21.874281000094406;8.08534789781458;
0.92;23.79798495893326;8.744827242486158;
0.94;27.160875513930808;9.595740273951725;
0.96;38.485036922018715;10.879005764749971;
0.98;187.959813905953;13.11528979871086;
0.99;432.48532552772923;15.479458553564784;
num_jobs 5000000 seed 20
rho;ServerFillingSRPT;GreedySRPT;
0.6;14.774214979518622;4.613173664097944;
0.7;15.818364870594612;5.247783995772007;
0.75;16.602425627997093;5.67792419807957;
0.8;17.696700164414572;6.2385608258368235;
0.83;18.582328851727564;6.676418954699982;
0.86;19.773894248317596;7.225076529333988;
0.9;22.265772331253448;8.206309762498606;
0.92;24.317348501246197;8.894933221516752;
0.94;27.93332068622143;9.839700005057395;
0.96;44.0079948659876;11.236184503975464;
0.98;250.5791038627253;13.612202061665663;
0.99;519.9453354929489;16.056428656260998;
num_jobs 5000000 seed 21
rho;ServerFillingSRPT;GreedySRPT;
0.6;14.845071536040908;4.6411151925049845;
0.7;15.914072906525957;5.28861358288011;
0.75;16.711978148452026;5.728772887475247;
0.8;17.83446559734109;6.304319558647313;
0.83;18.74132655984796;6.740104926198691;
0.86;19.974749129746538;7.293672613209717;
0.9;22.54170064828821;8.301815852401202;
0.92;24.833359085527597;9.031202401682522;
0.94;29.279017226248836;10.0280155015422;
0.96;58.875011055977204;11.565263265691716;
0.98;278.13147556402913;14.551182224143872;
0.99;565.561193526526;19.036187082385283;
num_jobs 5000000 seed 22
rho;ServerFillingSRPT;GreedySRPT;
0.6;14.784709675988054;4.619140330713269;
0.7;15.832904791829842;5.256728981724701;
0.75;16.61456569050973;5.687751484413333;
0.8;17.699082400198286;6.25307107988313;
0.83;18.583219735036128;6.688716717993928;
0.86;19.770665724375753;7.2255245053879795;
0.9;22.274811110325203;8.20091059630954;
0.92;24.358759128442323;8.878928253986023;
0.94;28.054854733760095;9.775814664897306;
0.96;39.74191271595293;11.1974802798394;
0.98;232.49148978701388;13.84050284755415;
0.99;501.7854647525857;16.13950465209284;
num_jobs 5000000 seed 23
rho;ServerFillingSRPT;GreedySRPT;
0.6;14.815871733787132;4.629910551086838;
0.7;15.881307559943343;5.278039415428186;
0.75;16.67937589701543;5.716300809937521;
0.8;17.795045730334245;6.288611422823433;
0.83;18.69621686162788;6.72559675035044;
0.86;19.90759065970331;7.27180145130389;
0.9;22.42715116280067;8.293452493490923;
0.92;24.517774264292424;9.001022348850244;
0.94;28.513076280431765;9.958831692248461;
0.96;44.17309727114696;11.360271586786757;
0.98;231.51695604886942;13.938593450253073;
0.99;493.71463127845067;17.022210950896838;
num_jobs 5000000 seed 24
rho;ServerFillingSRPT;GreedySRPT;
0.6;14.70782318314292;4.597026980370796;
0.7;15.740727838293049;5.228128227647281;
0.75;16.508588618826927;5.658857129406202;
0.8;17.57241797046262;6.215157013007244;
0.83;18.432184751496415;6.639771472685245;
0.86;19.585087614589487;7.169131873174137;
0.9;21.922002286673276;8.128767192918094;
0.92;23.88528923535751;8.7833496816175;
0.94;27.20047588229591;9.653158085812203;
0.96;37.66501022542912;10.94414068676813;
0.98;196.2595243423091;13.150588190331412;
0.99;427.4099023070238;15.361673784066323;
num_jobs 5000000 seed 25
rho;ServerFillingSRPT;GreedySRPT;
0.6;14.808216921368807;4.635528299147435;
0.7;15.865719165142401;5.277296123243713;
0.75;16.66103464278558;5.7162316808225055;
0.8;17.757796326211942;6.2873964896149035;
0.83;18.670808100048568;6.727267112864186;
0.86;19.875861861838697;7.271772877364123;
0.9;22.425035018334473;8.27405328471374;
0.92;24.684845889752783;8.986141072534663;
0.94;28.76927086556233;9.956886825676424;
0.96;51.335648355217536;11.449880364853094;
0.98;311.16783681688696;14.192181668293351;
0.99;632.8849007871896;17.690917841414787;
num_jobs 5000000 seed 26
rho;ServerFillingSRPT;GreedySRPT;
0.6;14.703241085253417;4.585982382020617;
0.7;15.732228285220343;5.213733110794755;
0.75;16.50158677785048;5.641664741816945;
0.8;17.5660754784999;6.193128946660031;
0.83;18.42953235121591;6.61508097303513;
0.86;19.578397621943452;7.142392938546637;
0.9;21.940156001567413;8.103286822017791;
0.92;23.95463954357212;8.763529769808855;
0.94;27.594185463371776;9.660080451387119;
0.96;42.54487830786242;10.968264995593744;
0.98;257.9920603239339;13.485011460017716;
0.99;538.9608293827965;16.42609210643311;
num_jobs 5000000 seed 27
rho;ServerFillingSRPT;GreedySRPT;
0.6;14.81685875449323;4.629735143497079;
0.7;15.877440854403105;5.276085040071764;
0.75;16.67667150695952;5.7148047586249335;
0.8;17.793084408268392;6.286278616495041;
0.83;18.709501511225312;6.727153551496702;
0.86;19.95102888706758;7.2830219218678085;
0.9;22.542930886538873;8.30756836673626;
0.92;24.826262192173825;9.043007673275788;
0.94;29.041280644565983;10.05183447510612;
0.96;47.51620533678645;11.557971560200924;
0.98;288.2558122267149;14.54588072221761;
0.99;594.2719768291369;17.734936433080495;
num_jobs 5000000 seed 28
rho;ServerFillingSRPT;GreedySRPT;
0.6;14.732649879780052;4.599042072912435;
0.7;15.770291226709203;5.235165980940428;
0.75;16.542885311000962;5.667011419981461;
0.8;17.620757724576045;6.226708675954405;
0.83;18.505608434656082;6.65241293269253;
0.86;19.667289452469216;7.1826204587520985;
0.9;22.072905444165375;8.149232933824575;
0.92;24.097048824956776;8.82900630332714;
0.94;27.59162485935446;9.73999523319503;
0.96;40.983265622688464;11.0905042351061;
0.98;267.73941314190836;13.531605350557298;
0.99;576.2268551596492;16.1228873832366;
num_jobs 5000000 seed 29
rho;ServerFillingSRPT;GreedySRPT;
0.6;14.766850967483732;4.615325593882041;
0.7;15.816294556324484;5.250970021758369;
0.75;16.597652160282408;5.686839412697415;
0.8;17.687002436467253;6.249062341323857;
0.83;18.57003331192059;6.683934344510221;
0.86;19.778142355104013;7.21486969958725;
0.9;22.269679497570877;8.19947917073358;
0.92;24.366384242260782;8.90387294955519;
0.94;28.169147427270268;9.859911656022295;
0.96;46.21800606897555;11.263894541239996;
0.98;250.0814548038412;13.905597482260632;
0.99;545.112909783151;17.60365907024841;

