E[s] 1, E[service] 0.46875, dist Dist { servers_dists: [(1, Exp { lambda_inverse: 1.0 }), (2, Exp { lambda_inverse: 0.5 }), (4, Exp { lambda_inverse: 0.25 }), (8, Exp { lambda_inverse: 0.125 })], servers_rates_probs: [(1, 1.0, 0.25), (2, 2.0, 0.25), (4, 4.0, 0.25), (8, 8.0, 0.25)], index_dist: WeightedAliasIndex { aliases: [4294967295, 0, 1, 2], no_alias_odds: [1.0, 1.0, 1.0, 1.0], uniform_index: Uniform(UniformInt { low: 0, range: 4, z: 0 }), uniform_within_weight_sum: Uniform(UniformFloat { low: 0.0, scale: 1.0 }) } }
rho;ServerFilling;MaxWeight;ServerFillingSRPT;FirstFitSRPT;GreedySRPT;
0.01;0.469760344093322;0.4761677227819397;0.46972053734604197;0.4706582085585799;0.4706744632896161;
0.05;0.47563543825950605;0.5097965179415113;0.4754188717914201;0.48043052321179436;0.4808175981034414;
0.1;0.48355633113900154;0.5574124927467978;0.4830640762027027;0.494159123291838;0.4958897935017257;
0.15;0.49226415494387543;0.6132313329668301;0.4913908945988658;0.5096778626883144;0.5140229236642351;
0.2;0.5019003584998348;0.6788215618890296;0.5004636770300606;0.5277510696186944;0.5365948174043832;
0.25;0.5127216271829704;0.7558314096728479;0.5104519749671739;0.5488516558952092;0.5648059301599024;
0.3;0.5249911455688039;0.8453032921827951;0.5214841533191409;0.574010572127211;0.6016133333859034;
0.35;0.5390762083148218;0.9480233243930487;0.5337300323428947;0.6047108150752531;0.651974729223897;
0.4;0.555401480247722;1.063693617935801;0.5473648636911453;0.6438887296799134;0.7260751806810569;
0.45;0.5746541596900226;1.1896847858392787;0.5626945545159217;0.6957385062899334;0.8506331166131722;
0.5;0.5976640362802577;1.3243488654566997;0.5800388498741884;0.770848033988072;1.119144156069345;
0.55;0.625655496727515;1.4625055788670278;0.5997954423583833;0.8929304325403757;2.338400494777968;
0.6;0.6605309690959078;1.6060470108718568;0.6226818653510711;1.156732268158956;inf;
0.65;0.7051883425793148;1.757136686987615;0.6495958343930904;4.299963245047019;inf;
0.7;0.7645396684172608;1.924742562630881;0.6820801284858786;inf;inf;
0.72;0.7941622941297426;1.9995999312640749;0.697120298634091;inf;inf;
0.74;0.828298453033157;2.0806806453566953;0.7136960539685268;inf;inf;
0.76;0.8680976175370148;2.1703454129506676;0.7320663992230414;inf;inf;
0.78;0.9151134440194696;2.2721043239335277;0.7525951065696587;inf;inf;
0.8;0.9714486723858043;2.390104824362767;0.7758178985741523;inf;inf;
0.82;1.0399730574068455;2.5307245848622633;0.8024880440205588;inf;inf;
0.84;1.1252492830107435;2.7034984722313644;0.8337278572265187;inf;inf;
0.86;1.234838937749115;2.924370404003001;0.8710067960128381;
0.88;1.3809077005121126;3.2185019472463474;0.9169562814508752;
0.9;1.5837887789880074;3.6349273490121106;0.9757400204048676;
0.92;1.8833907544532333;4.273426568721129;1.05516025513508;
0.94;2.376556120678047;5.34722750738421;1.1727241235051604;
0.96;3.347341445837667;7.368599453807569;1.3758008958361767;
0.98;6.265690811489378;12.007657583636206;1.887711189083445;
0.99;12.425115824725077;19.12143161508092;2.7924449854043742;
