E[s] 3.0666666666666664, E[service] 0.8999999999999999, dist [(1, 5.0, 0.3333333333333333), (2, 2.0, 0.3333333333333333), (4, 0.5, 0.3333333333333333)], num_jobs 1000000, num_servers 4
rho,E[T_Q^MG1],E[T_Q^MG1] + w_max,ServerFilling min,ServerFilling maxFCFS min,FCFS maxPreemptiveFirstFit min,PreemptiveFirstFit maxMaxWeight min,MaxWeight maxLeastServersFirst min,LeastServersFirst maxMostServersFirst min,MostServersFirst max
0.91,17.87028985507247,27.07028985507247,19.050389182475943,21.049626203322806,55.75378308888036,76.94771002852256,17.20337031125137,19.16710231575157,11.768067189935305,13.051694016309893,inf,inf,75.19757503532998,88.2436509210363,
0.92,20.32500000000001,29.52500000000001,21.26118401070775,23.767176416842624,82.79569705899561,136.37661899488586,19.358835480355793,21.82397081048236,13.165813844059805,14.784417671803975,inf,inf,89.92782305180734,109.38394857584294,
0.93,23.48105590062114,32.68105590062114,24.035985511059277,27.36687578829542,148.7966127554093,581.8296839949021,22.06912152008519,25.35398150509603,14.905460798574559,17.058262906301177,inf,inf,110.11336075747835,140.66398491116564,
0.94,27.689130434782584,36.88913043478259,27.700572903344288,32.26341769485627,1513.351072801886,inf,25.658826982236217,30.170916389322645,17.217566005185546,20.147839495309654,inf,inf,138.70748549381796,181.19570299816266,
0.95,33.58043478260866,42.780434782608666,32.659487477808604,39.14850577670962,inf,inf,30.556332817427098,36.97916423721189,20.36274800262152,24.458642915716737,inf,inf,180.62963108899,240.33540829137388,
0.96,42.41739130434779,51.61739130434779,39.77203231574789,50.84221662739061,inf,inf,37.58277107208147,48.59057685639994,24.803161097714923,31.81391758077199,inf,inf,244.93041430408445,360.83141710954607,
0.97,57.14565217391299,66.345652173913,50.64600825101956,68.7014163865594,inf,inf,48.39937941161755,66.36437736734362,31.680193699190085,43.0958312239994,inf,inf,351.9339403795308,inf,
0.98,86.6021739130434,95.8021739130434,69.52870752483395,101.96377631222433,inf,inf,67.14684176048569,99.52656145756823,43.46024570495758,63.97533034197669,inf,inf,inf,inf,
0.99,174.97173913043466,184.17173913043464,105.09559446947856,227.58250218102987,inf,inf,102.63645378591805,225.30062860167354,65.6853333681284,143.11274251061766,inf,inf,inf,inf,
E[s] 0.6517857142857142, E[service] 0.609375, dist [(1, 1.0, 0.5714285714285714), (2, 8.0, 0.2857142857142857), (4, 64.0, 0.14285714285714285)], num_jobs 1000000, num_servers 4
rho,E[T_Q^MG1],E[T_Q^MG1] + w_max,ServerFilling min,ServerFilling maxFCFS min,FCFS maxPreemptiveFirstFit min,PreemptiveFirstFit maxMaxWeight min,MaxWeight maxLeastServersFirst min,LeastServersFirst maxMostServersFirst min,MostServersFirst max
0.91,2.2875523211567748,6.287552321156775,2.526135567095853,2.605297766054272,inf,inf,2.839963332582378,2.9179247892668903,5.558194107756725,5.746759427261934,inf,inf,1.8745185050383348,1.9285737792932687,
0.92,2.601776541095892,6.601776541095893,2.817415197841243,2.9209415062315176,inf,inf,3.1340481210098052,3.2362350257757204,6.265392532690778,6.508783877110451,inf,inf,2.064451021855255,2.133940226524784,
0.93,3.005779109589044,7.005779109589044,3.195272200797166,3.3365671039457174,inf,inf,3.5148696802826134,3.6543185999808836,7.189124200045271,7.514543936537068,inf,inf,2.3107835087419613,2.405437233220912,
0.94,3.5444492009132396,7.54444920091324,3.698828141986652,3.879800341540697,inf,inf,4.020772646521291,4.200491157815171,8.416499771670011,8.86984080669782,inf,inf,2.639305070944888,2.760192772164722,
0.95,4.29858732876712,8.29858732876712,4.388030444780832,4.6544308221257165,inf,inf,4.712167586070338,4.97829003772404,10.112177878577791,10.78827293849856,inf,inf,3.0879267103993193,3.2657200419559786,
0.96,5.429794520547941,9.42979452054794,5.348151372514758,5.9230746727635815,inf,inf,5.673217475851509,6.250124753482599,12.516734108185576,13.994454411293736,inf,inf,3.7126442268822846,4.0946373418090865,
0.97,7.315139840182643,11.315139840182642,6.875027946708933,8.170876732058979,inf,inf,7.202261345036794,8.500858360050398,16.3518256736233,19.723711607370877,inf,inf,4.7073706861968505,5.560589899748043,
0.98,11.085830479452047,15.085830479452047,9.626307549643528,11.979178350302913,inf,inf,9.95608780817849,12.31013373656262,23.382631287415172,29.533377248100585,inf,inf,6.502377187986172,8.044751997084251,
0.99,22.397902397260257,26.397902397260257,15.386645406521536,24.097230275142714,inf,inf,15.715151787966539,24.452621248375053,38.123549368361466,60.880721692227056,inf,inf,10.259434978928542,15.916409053974434,
E[s] 3.0666666666666664, E[service] 0.8999999999999999, dist [(1, 5.0, 0.3333333333333333), (2, 2.0, 0.3333333333333333), (4, 0.5, 0.3333333333333333)], num_jobs 10000000, num_servers 4
rho,E[T_Q^MG1],E[T_Q^MG1] + w_max,ServerFilling min,ServerFilling maxFCFS min,FCFS maxPreemptiveFirstFit min,PreemptiveFirstFit maxMaxWeight min,MaxWeight maxLeastServersFirst min,LeastServersFirst maxMostServersFirst min,MostServersFirst max
0.91,17.87028985507247,27.07028985507247,19.766310927286586,20.10603168602076,64.99497444967227,71.08985206188227,17.87333299710153,18.215913992164406,12.209889640813257,12.42414773465442,inf,inf,80.7989375311512,83.33491523279302,
0.92,20.32500000000001,29.52500000000001,22.221964010783584,22.686324284667716,107.79065699178105,127.18503552669551,20.26750335946209,20.736993850839557,13.77081947364415,14.056964136970878,inf,inf,97.83004558628853,101.77777147922912,
0.93,23.48105590062114,32.68105590062114,25.358441577481198,26.00003891762375,296.96414068883803,463.7108658246043,23.35226672824893,23.98705747737064,15.747917984664538,16.15247040916878,inf,inf,120.82443526520164,127.0057686421732,
0.94,27.689130434782584,36.88913043478259,29.472969735011922,30.333195678800763,inf,inf,27.406895390874308,28.25606703120852,18.35446093044391,18.89746786506994,inf,inf,153.67915751085806,161.31228061488412,
0.95,33.58043478260866,42.780434782608666,35.28921783456602,36.364179158098835,inf,inf,33.156245209546505,34.20728182121373,22.03149758810838,22.710241362954207,inf,inf,204.81501626238503,inf,
0.96,42.41739130434779,51.61739130434779,43.79681441454195,46.11085083103767,inf,inf,41.59269779715417,43.88705265182645,27.39969857340889,28.85237676432753,inf,inf,294.386436783719,inf,
0.97,57.14565217391299,66.345652173913,57.95515522702594,62.66860767223171,inf,inf,55.67369592041341,60.376239670688165,36.307652549569795,39.274842720064704,inf,inf,inf,inf,
0.98,86.6021739130434,95.8021739130434,84.85169224553233,96.85877906792481,inf,inf,82.4906364093251,94.49055934627184,53.21815951203969,60.79454217360916,inf,inf,inf,inf,
0.99,174.97173913043466,184.17173913043464,158.53203170537287,198.75218500023274,inf,inf,156.0900709611525,196.2639786307733,99.46422752786447,124.71733785507674,inf,inf,inf,inf,
E[s] 0.6517857142857142, E[service] 0.609375, dist [(1, 1.0, 0.5714285714285714), (2, 8.0, 0.2857142857142857), (4, 64.0, 0.14285714285714285)], num_jobs 10000000, num_servers 4
rho,E[T_Q^MG1],E[T_Q^MG1] + w_max,ServerFilling min,ServerFilling maxFCFS min,FCFS maxPreemptiveFirstFit min,PreemptiveFirstFit maxMaxWeight min,MaxWeight maxLeastServersFirst min,LeastServersFirst maxMostServersFirst min,MostServersFirst max
0.91,2.2875523211567748,6.287552321156775,2.6182788940261585,2.6675722335647793,inf,inf,2.9320188194503403,2.9817090220552145,5.766345818483928,5.892238806838982,inf,inf,1.9346673729143207,1.9676142465573323,
0.92,2.601776541095892,6.601776541095893,2.9211123132193397,2.9845443261949116,inf,inf,3.2376234948529583,3.3013655131043946,6.4918257469457,6.655974460285752,inf,inf,2.1323596985797746,2.1745628708899014,
0.93,3.005779109589044,7.005779109589044,3.3115088842315936,3.393831397802054,inf,inf,3.631119541159521,3.7131461948026567,7.433479466109665,7.64894859100274,inf,inf,2.3879942783263086,2.441563826483571,
0.94,3.5444492009132396,7.54444920091324,3.8290698160634866,3.9428190683068447,inf,inf,4.1508901908886795,4.264763882485675,8.702058244711168,8.996114866759617,inf,inf,2.725442203238126,2.7997866747301012,
0.95,4.29858732876712,8.29858732876712,4.5518885636283795,4.70927848704848,inf,inf,4.876012566666419,5.0341707117973655,10.495044375455313,10.900321411432241,inf,inf,3.1968670119198186,3.2995850880823894,
0.96,5.429794520547941,9.42979452054794,5.625077247842919,5.876505772849955,inf,inf,5.952311525866559,6.204607850502633,13.184128526631534,13.833824889518008,inf,inf,3.896201725042762,4.06003498058414,
0.97,7.315139840182643,11.315139840182642,7.397775133497293,7.812098289413224,inf,inf,7.726136649251995,8.142603794251857,17.6766188788572,18.748009579269997,inf,inf,5.050653383721952,5.321587857000511,
0.98,11.085830479452047,15.085830479452047,10.83096225462226,11.723058307722505,inf,inf,11.162267559044345,12.055766356830782,26.4636779368231,28.78365369355253,inf,inf,7.2885474955650915,7.871263259296874,
0.99,22.397902397260257,26.397902397260257,20.12808174959167,24.10748315569599,inf,inf,20.463904393648924,24.44275632039307,50.50750833977765,60.89306029049804,inf,inf,13.347865039664411,15.955055837682876,
