E[s] 3.0666666666666664, E[service] 0.8999999999999999, dist [(1, 5.0, 0.3333333333333333), (2, 2.0, 0.3333333333333333), (4, 0.5, 0.3333333333333333)], num_jobs 1000000, num_servers 4
rho,E[T_Q^MG1],ServerFilling min,ServerFilling median,ServerFilling max,FCFS min,FCFS median,FCFS max,PreemptiveFirstFit min,PreemptiveFirstFit median,PreemptiveFirstFit max,MaxWeight min,MaxWeight median,MaxWeight max,LeastServersFirst min,LeastServersFirst median,LeastServersFirst max,MostServersFirst min,MostServersFirst median,MostServersFirst max,PreemptiveBestFit min,PreemptiveBestFit median,PreemptiveBestFit max,
0.7,4.12391304347826,5.645531044408945,5.693611877099951,5.758355412722302,5.9468103758238495,5.992120924229334,6.082320687634238,4.685837624922592,4.728642585720878,4.777477473785248,3.3693345877959335,3.3939121572198205,3.4362233783990592,3.6686178472210345,3.695980395239015,3.7590105018867366,9.63199009701666,9.66837957541044,9.949664584377416,4.739218420164986,4.781660866134676,4.831436742348527,
0.72,4.54472049689441,6.094682244829111,6.138374926266972,6.220471226408378,6.58566306030764,6.634329393069858,6.757303615161786,5.069208004920021,5.108366474017071,5.173938674761306,3.636648657325017,3.657859991626092,3.709792464879947,4.096750033645605,4.136679249546475,4.225644524379048,10.917981651668953,11.01242872388129,11.312234806238711,5.130123261973205,5.169943202725633,5.23734525866078,
0.74,5.030267558528428,6.6086465727546715,6.647444701170078,6.751520647207929,7.352848922021087,7.409523084400128,7.570656870695441,5.515473519252721,5.549609231427866,5.636398177381821,3.9445355865046707,3.9665186738817106,4.032907066025507,4.63931733379165,4.716536048902647,4.865579202489718,12.526629197350434,12.633972694509195,13.021773028757103,5.585787001067119,5.621344646759807,5.709691409241209,
0.76,5.596739130434783,7.2008344084058775,7.236708146792172,7.3760168536169095,8.28389779400716,8.368366880719886,8.608232704124989,6.035642492944339,6.065266824845494,6.187811127522088,4.3027708689283495,4.326341209813049,4.412592721915316,5.3542826762690865,5.48649231318775,5.707983932294775,14.450575563221937,14.628623545932278,15.21767553929414,6.118127170668231,6.150409780460921,6.27175310137488,
0.78,6.26620553359684,7.891510565528706,7.932605284535275,8.108594759198104,9.435626343474587,9.592156245304219,9.96514816083952,6.65147239528618,6.683343443905051,6.840275083476658,4.722653750154866,4.753040335192526,4.861453570157622,6.388945424343697,6.553705652481594,6.892273521363384,16.839265225026317,17.152264231431666,18.100163965542826,6.747607408960461,6.781793841228112,6.937991804871752,
0.8,7.069565217391307,8.706165602605976,8.760624437354567,8.99205022643843,10.909340609480461,11.187016774725597,11.702093369151775,7.384218425713515,7.427842002798041,7.65871099383949,5.217441883151827,5.266247288977763,5.4190075945582565,7.8873073895150005,8.174917054112218,8.670686127914474,19.834117339697613,20.359006224804617,21.9701472669692,7.493826255298927,7.541884802929182,7.768497013563527,
0.82,8.051449275362316,9.676371075800482,9.77748301847016,10.124282000754578,12.935934278633747,13.297636058418739,14.037198122797717,8.26704485501068,8.353527369765352,8.70465656624556,5.823875925658072,5.898074588102841,6.130933633781737,10.261539093450896,10.962850784786573,11.645732888355735,23.83934070584135,24.841019789335103,27.038697771007218,8.39187972469904,8.484328850882147,8.833749795032443,
0.84,9.278804347826085,10.877056755907718,11.054396331551155,11.526770366650842,15.865570274255234,16.32975479114198,17.36427193817031,9.372076481608383,9.534791249657088,10.013759124240103,6.570867311727836,6.697865127330052,7.013478659819519,14.868845656650965,16.55596260904445,18.15861012797568,29.11571198156081,30.747176355293362,33.46530351521953,9.516589134333243,9.685079160435283,10.163652599633869,
0.86,10.856832298136645,12.41058614993015,12.651608123855208,13.298536469451562,20.066603014984892,21.105497945457365,22.450955893422293,10.803804947172354,11.031838912950334,11.68805093778363,7.5408134484107885,7.705447847680757,8.134376165686454,26.94646749215765,32.81818538477965,38.54252772421962,36.76075536517562,38.30567776563153,42.165483933619214,10.970172694812993,11.202911518221903,11.860455892321108,
0.88,12.960869565217394,14.499806670306269,14.761662249636467,15.666367530855076,27.049286803235987,29.49086891490908,31.773296493751126,12.779438289718923,13.027853243716258,13.957430758840532,8.866512858097828,9.033416357070893,9.647165886334632,137.32257068972416,379.5290925540911,789.9301636545999,48.11619110664247,49.80317455867143,55.160261206692475,12.975462461468872,13.22601560053313,14.153566372917055,
0.9,15.90652173913044,17.273725766172674,17.760795170023048,18.923109983845084,41.21638297646145,47.05399828395213,53.59312137571273,15.485862224039321,15.912353963863392,17.097020721335088,10.643463296922933,10.928532830565006,11.699952839473706,inf,inf,inf,64.29501574935512,68.63704903485454,74.50799285145247,15.70364060055244,16.141178538235263,17.32851911916512,
0.91,17.87028985507247,19.050389182475943,19.779914757430184,21.049626203322806,55.75378308888036,66.20238856038041,76.94771002852256,17.20337031125137,17.881754637670788,19.16710231575157,11.766355167813703,12.203288036676245,13.05048673317228,inf,inf,inf,75.19757503532998,82.26776886490474,88.2436509210363,17.435496230173428,18.130509766969865,19.413456187533896,
0.92,20.32500000000001,21.26118401070775,22.326099799598722,23.767176416842624,82.79569705899561,105.0736603199582,136.37661899488586,19.358835480355793,20.372604762429194,21.82397081048236,13.164530340708563,13.812489949300398,14.783724507344688,inf,inf,inf,89.92782305180734,100.26710094964936,109.38394857584294,19.607551091712313,20.638723357917467,22.08620455290177,
0.93,23.48105590062114,24.035985511059277,25.602291908291303,27.36687578829542,148.7966127554093,325.1207207422845,581.8296839949021,22.06912152008519,23.577869438952813,25.35398150509603,14.903337150819736,15.881774078031757,17.057074459807286,inf,inf,inf,110.11336075747835,125.18606337124898,140.66398491116564,22.335897036445445,23.86993197217772,25.63589466360842,
0.94,27.689130434782584,27.700572903344288,29.88754644645236,32.26341769485627,1513.351072801886,inf,inf,25.658826982236217,27.79655821162387,30.170916389322645,17.219960482135246,18.588773526366175,20.15580674438214,inf,inf,inf,138.70748549381796,159.5301630929148,181.19570299816266,25.94344605023509,28.109495934844105,30.474656669333594,
0.95,33.58043478260866,32.659487477808604,35.910266200634894,39.14850577670962,inf,inf,inf,30.556332817427098,33.7682025705936,36.97916423721189,20.362680436700785,22.41606598151866,24.46492764111962,inf,inf,inf,180.62963108899,212.24120160169878,240.33540829137388,30.86159363941519,34.10248746357543,37.30577985072182,
0.96,42.41739130434779,39.77203231574789,44.618395458401295,50.84221662739061,inf,inf,inf,37.58277107208147,42.38773089804674,48.59057685639994,24.80700390367092,27.928163031867147,31.820690852474915,inf,inf,inf,244.93041430408445,294.478456491775,360.83141710954607,37.90650104108289,42.74422022587151,48.94111122216006,
0.97,57.14565217391299,50.64600825101956,59.034837271501345,68.7014163865594,inf,inf,inf,48.39937941161755,56.72532192720927,66.36437736734362,31.672099892815226,37.03815917971398,43.087119743779425,inf,inf,inf,351.9339403795308,443.907900701401,inf,48.74201845632791,57.10170898743833,66.73165209738593,
0.98,86.6021739130434,69.52870752483395,86.37219602946426,101.96377631222433,inf,inf,inf,67.14684176048569,83.97993476157144,99.52656145756823,43.45932904417919,54.20923251380632,63.97426882089568,inf,inf,inf,inf,inf,inf,67.52974996591799,84.38612542204551,99.92570195956344,
0.99,174.97173913043466,105.09559446947856,148.8909284860295,227.58250218102987,inf,inf,inf,102.63645378591805,146.50404627760537,225.30062860167354,65.69003056640985,93.64538599319168,143.09105368576797,inf,inf,inf,inf,inf,inf,103.03753187357005,146.92165128355603,225.72095482512051,
E[s] 0.6517857142857142, E[service] 0.609375, dist [(1, 1.0, 0.5714285714285714), (2, 8.0, 0.2857142857142857), (4, 64.0, 0.14285714285714285)], num_jobs 1000000, num_servers 4
rho,E[T_Q^MG1],ServerFilling min,ServerFilling median,ServerFilling max,FCFS min,FCFS median,FCFS max,PreemptiveFirstFit min,PreemptiveFirstFit median,PreemptiveFirstFit max,MaxWeight min,MaxWeight median,MaxWeight max,LeastServersFirst min,LeastServersFirst median,LeastServersFirst max,MostServersFirst min,MostServersFirst median,MostServersFirst max,PreemptiveBestFit min,PreemptiveBestFit median,PreemptiveBestFit max,
0.7,0.527896689497717,0.9349477948757197,0.9379993548086745,0.9402317768621691,inf,inf,inf,1.189154850401718,1.1914116771947134,1.1963798202860771,1.8148827321715102,1.8209959100620294,1.8262455336781918,2.505518922085047,2.526627425053631,2.550935437966335,0.8327796214421986,0.8349615819173998,0.8365803548267448,1.131771813841331,1.1332367848382454,1.138247040673048,
0.72,0.581763698630137,0.9821785713339657,0.9858068436965748,0.987995817749367,inf,inf,inf,1.2423428911592604,1.2446535859841152,1.2500754618208674,1.930370167392195,1.937433085232912,1.9442129953586416,2.7913497409516874,2.816965256752457,2.856314028054872,0.8641632241036095,0.8666582454881976,0.8681611426338173,1.1767250782610454,1.1784424715359079,1.183853857895647,
0.74,0.6439179399367757,1.0371342128114525,1.041144282291422,1.0440391535631357,inf,inf,inf,1.3031439122901984,1.3057327721878944,1.3119989389016165,2.062626486539872,2.072260763713189,2.0805856487165015,3.168295655245212,3.188469642579791,3.2110616803166696,0.9005048212144025,0.9033607314877657,0.9050632935200891,1.228091367293635,1.2299899949185151,1.2361218810098233,
0.76,0.7164312214611874,1.1015142528771187,1.1062069788516782,1.1104975526510166,inf,inf,inf,1.3734196089319444,1.3774666451715973,1.3840770534841782,2.2159935403991877,2.2282179593727673,2.238329261313739,3.6374839253707134,3.665960753315759,3.6805280135057976,0.9430012598949872,0.9462887997024674,0.9488317632936029,1.287178985727208,1.290729499925407,1.2968577682139792,
0.78,0.8021287359900376,1.178097516617364,1.184700256363687,1.189477123990803,inf,inf,inf,1.4559410251079326,1.4621588908693475,1.4687791497171452,2.397681775567859,2.4131110311207387,2.4221886508049266,4.274347353538627,4.288436809117555,4.3284505933967905,0.9934840216818197,0.9984121389488172,1.0007072919381537,1.356592753544315,1.361852688980681,1.3677382552322936,
0.8,0.9049657534246579,1.2706951551802208,1.2798064443004658,1.2841004849229427,inf,inf,inf,1.5542940362499764,1.562905526288466,1.5692822551540853,2.6132427686051236,2.6368825618985583,2.64326092875891,5.135786480078036,5.182334511228359,5.244198465596384,1.0542672245173557,1.0610108139224148,1.0625251981400048,1.4388425842543715,1.4460567997336093,1.4514744071856038,
0.82,1.0306554414003042,1.3848368985248405,1.3969624244013943,1.4007518027348609,inf,inf,inf,1.6740993576275278,1.6858576652039998,1.6897701666958858,2.879110623776511,2.9082676470690534,2.914677778465935,6.496010278188689,6.560604083229226,6.629531641303914,1.1289121520689294,1.137396676238052,1.1399525547260796,1.538457847987631,1.548689629131237,1.5531826473304107,
0.84,1.187767551369863,1.5271832981472464,1.542502293706173,1.5487522712670898,inf,inf,inf,1.8220891023726833,1.839190271314075,1.8433499216215588,3.2139878251071083,3.241230944496081,3.257595423531433,8.723484422189777,8.882182392841852,9.043076970577685,1.2221373136945344,1.231219201327647,1.2370985505861554,1.6614049033186515,1.6751772857394531,1.6806859204559559,
0.86,1.3897688356164384,1.712762843626181,1.7303891265767153,1.7398136193311273,inf,inf,inf,2.0131510529185177,2.029355050485083,2.039787699323471,3.643369088031071,3.6688708308707474,3.7066150415442745,13.172519810241228,13.638706447792192,13.907500031933582,1.343560001137122,1.3549887081369683,1.3628096746510148,1.8193090663307319,1.8324076694357558,1.8437640681709826,
0.88,1.659103881278539,1.961238877916084,1.98742691894308,1.9979425171325906,inf,inf,inf,2.266469663507732,2.290211196150518,2.3028708181455513,4.2222927441720355,4.270339656040292,4.314666473058501,23.425784081075072,28.018495920780687,30.41045171740978,1.505490291121275,1.522889206698489,1.5320885657570287,2.0277159839534122,2.0474348057598912,2.0593302528672828,
0.9,2.03617294520548,2.2977937301518296,2.341608102226224,2.3596245785899925,inf,inf,inf,2.6086302805410204,2.6506468454391183,2.6700895015041395,5.019409989696637,5.115929414447752,5.162000537059695,156.27023698455972,301.3308743359853,407.91654154536093,1.7254459036639427,1.754592885576162,1.7695320056141601,2.3090224110500532,2.342704587434342,2.3610111533577274,
0.91,2.2875523211567748,2.526135567095853,2.5746286326959726,2.605297766054272,inf,inf,inf,2.839963332582378,2.8867012409520014,2.9179247892668903,5.557919136883027,5.670767429918577,5.745216434495949,inf,inf,inf,1.8745185050383348,1.9068304338232709,1.9285737792932687,2.498074647361947,2.5351447183817655,2.5656845733160214,
0.92,2.601776541095892,2.817415197841243,2.865516697867357,2.9209415062315176,inf,inf,inf,3.1340481210098052,3.1803844963349563,3.2362350257757204,6.264185374938181,6.368401906506834,6.507669545521095,inf,inf,inf,2.064451021855255,2.0969682971790555,2.133940226524784,2.737852317083792,2.7742922217090924,2.825493357954159,
0.93,3.005779109589044,3.195272200797166,3.22891484970056,3.3365671039457174,inf,inf,inf,3.5148696802826134,3.54613823319255,3.6543185999808836,7.186016315992083,7.24703773968612,7.515929836353572,inf,inf,inf,2.3107835087419613,2.3345367411949653,2.405437233220912,3.0472526317458044,3.0728258265482333,3.16609521536537,
0.94,3.5444492009132396,3.698828141986652,3.724737840935556,3.879800341540697,inf,inf,inf,4.020772646521291,4.04681667027569,4.200491157815171,8.414733695009495,8.4770339872706,8.870008310892995,inf,inf,inf,2.639305070944888,2.6534115313016655,2.760192772164722,3.4581382755658177,3.4786252988134034,3.610019885297494,
0.95,4.29858732876712,4.388030444780832,4.447375611409243,4.6544308221257165,inf,inf,inf,4.712167586070338,4.772399509751605,4.97829003772404,10.115358920987227,10.26529210985629,10.787371861286994,inf,inf,inf,3.0879267103993193,3.1252358921428782,3.2657200419559786,4.017575947721223,4.066432070956169,4.239023084434933,
0.96,5.429794520547941,5.348151372514758,5.4630533296998705,5.9230746727635815,inf,inf,inf,5.673217475851509,5.792597934216434,6.250124753482599,12.518836863889314,12.80976899448196,13.996482973112428,inf,inf,inf,3.7126442268822846,3.787200626037991,4.0946373418090865,4.795422207343534,4.88906805198867,5.2670360117656925,
0.97,7.315139840182643,6.875027946708933,7.268470227424541,8.170876732058979,inf,inf,inf,7.202261345036794,7.60158042869844,8.500858360050398,16.354168481099663,17.381054485877243,19.724881663678293,inf,inf,inf,4.7073706861968505,4.964902142124128,5.560589899748043,6.029091473019769,6.346580108741484,7.081337078402563,
0.98,11.085830479452047,9.626307549643528,11.134231929928358,11.979178350302913,inf,inf,inf,9.95608780817849,11.477133423939657,12.31013373656262,23.37873489163767,27.307800990299068,29.53284670628229,inf,inf,inf,6.502377187986172,7.483003181350994,8.044751997084251,8.248352420276362,9.461239654701894,10.151149986623471,
0.99,22.397902397260257,15.386645406521536,21.724818438465988,24.097230275142714,inf,inf,inf,15.715151787966539,22.05502569902163,24.452621248375053,38.124249269386276,54.69050158767046,60.89472974844892,inf,inf,inf,10.259434978928542,14.399465404257588,15.916409053974434,12.88092491941931,17.993198741265473,19.868746744864783,
E[s] 2.9899999999999998, E[service] 1.4725000000000001, dist [(1, 1.0, 0.3), (2, 0.01, 0.01), (4, 4.0, 0.69)], num_jobs 1000000, num_servers 4
rho,E[T_Q^MG1],ServerFilling min,ServerFilling median,ServerFilling max,FCFS min,FCFS median,FCFS max,PreemptiveFirstFit min,PreemptiveFirstFit median,PreemptiveFirstFit max,MaxWeight min,MaxWeight median,MaxWeight max,LeastServersFirst min,LeastServersFirst median,LeastServersFirst max,MostServersFirst min,MostServersFirst median,MostServersFirst max,PreemptiveBestFit min,PreemptiveBestFit median,PreemptiveBestFit max,
0.7,78.23104793756966,55.79755417938562,60.581508547904264,64.41854335084366,inf,inf,inf,107.18605829703948,112.78743396075684,116.31328546838634,6.722310635906709,6.9861145819867145,7.251790234074626,415.6890917579564,491.9844844424322,inf,47.12954038887213,53.95962135358223,58.390917789283044,113.07528361813662,118.97238984684121,122.88527289962154,
0.72,86.21380793119923,62.62175831940696,67.49427064247259,72.76511750725133,inf,inf,inf,115.1607302050979,121.12921430245373,125.61062285923424,7.120284692840903,7.388327795915366,7.7165245690230115,522.0711543652916,611.179016131402,inf,55.95686989336759,64.11339615164049,69.92828329260236,121.81811993224717,128.01641628504998,133.1520690594711,
0.74,95.42468484692566,70.59653731741618,75.99036255493502,82.77229444488076,inf,inf,inf,124.23390837161244,130.8464043829141,136.48501536797582,7.569662238304313,7.856659829175556,8.291800704239783,685.0356871888722,inf,inf,67.31288382332016,75.79941051503691,84.64251093426122,131.8636964144241,138.939843989822,145.21567972996462,
0.76,106.17070791527314,79.98132022067566,86.26545062203319,95.79095281996887,inf,inf,inf,134.799073955975,142.1711346098569,150.1836216951748,8.09617404986279,8.424750558492024,9.004909165313975,inf,inf,inf,81.07984071590265,89.40568854640001,107.8286179639119,143.54322979177178,151.81862847560984,160.054176521015,
0.78,118.87055335968383,90.9780707534076,99.1158066969964,111.3953455361867,inf,inf,inf,147.05434064696516,156.50066703704928,167.27195079600645,8.695153555358031,9.125662982029892,9.870153854052909,inf,inf,inf,97.78131407427573,109.43263933721302,135.50989131214726,156.89159220589306,167.32253671986763,178.50853686962142,
0.8,134.11036789297665,103.64116812713817,114.66905603404433,131.60258034155333,inf,inf,inf,161.105079203008,173.1759558254044,188.43568239598943,9.389163917111201,9.989219332539196,10.968172178903826,inf,inf,inf,116.38769183114826,135.48984839025817,174.45287141511335,172.29672800753022,185.31990127721335,201.3805054873658,
0.82,152.7368078781122,118.8508699643402,133.6609602879952,157.6903947405905,inf,inf,inf,178.0422003861488,193.91786292943513,215.83122308859163,10.219171404953189,11.042330534170182,12.362130255304328,inf,inf,inf,139.10088966453893,172.60966086187298,224.26485691428365,190.32499926109952,207.47740336428203,230.57841614740494,
0.84,176.01985785953175,137.7537246457434,157.37047827825558,191.275453089562,inf,inf,inf,198.60484545237537,219.12524893902528,250.36460628112374,11.246401536779931,12.330761682307623,14.144712700381989,inf,inf,inf,169.60452522046563,212.50132849714615,292.67756678189056,212.41604641734924,234.6804845962287,267.0458366699601,
0.86,205.95520783564263,162.20049857627077,187.60692853296595,231.90567018994415,inf,inf,inf,224.14250408536225,250.4143768052718,291.9376580057663,12.567185418753171,13.97616046784694,16.256351428862192,inf,inf,inf,214.68447190927844,266.5514575084835,373.0870090102498,239.65842162884292,268.09962511994763,310.34177589018594,
0.88,245.86900780379042,193.02430193575876,227.3261320039667,281.3654555984101,inf,inf,inf,256.64856377768166,293.56790570831527,342.8053960929879,14.177703617367438,16.015801642620136,18.858394512119627,inf,inf,inf,273.77565797077307,342.90455355991173,inf,274.44963625892484,313.4194167302579,363.4141246658877,
0.9,301.7483277591974,233.0599752759808,277.263773191172,350.1730392748457,inf,inf,inf,297.5672647939742,344.0595871311839,412.1112236270996,16.36268991546914,18.720804688588586,22.39601164688694,inf,inf,inf,355.1402840936812,436.3826645207259,inf,318.5852523549633,367.6541687509696,435.4908527549738,
0.91,339.0012077294688,261.36596401656584,309.69523284659886,390.0557494781145,inf,inf,inf,327.2913668061001,377.0581495550896,452.8964744543789,17.926944419958335,20.433121185573686,24.453173220926907,inf,inf,inf,419.67775254120784,502.48488997598713,inf,349.8353098643402,402.15094647932165,477.49394306527137,
0.92,385.5673076923079,297.4045451415385,348.09295514903766,437.5876262997055,inf,inf,inf,364.00782677862526,415.9934335686762,501.5744959117777,19.816411575827964,22.486946616804058,26.934600983673956,inf,inf,inf,504.0740777916474,inf,inf,387.46908596944735,442.7205274041335,528.0430483158713,
0.93,445.43800764452976,341.9958825668797,396.32722681758054,497.46770162391977,inf,inf,inf,409.4405919758252,464.93008409571866,562.1853884688107,22.221717071604584,25.05226197617273,29.97338843704863,inf,inf,inf,inf,inf,inf,434.94986556686547,493.2718267151884,589.9207357354841,
0.94,525.2656075808245,403.01612568231724,456.45870147412865,564.9838604208651,inf,inf,inf,471.0859856724187,526.1837958218047,631.4944014930204,25.426423720835544,28.214494365937334,33.46139508746049,inf,inf,inf,inf,inf,inf,497.9298406057956,556.0154730380274,660.6173060888409,
0.95,637.0242474916382,475.9306152534552,538.7341885580389,685.0312944090559,inf,inf,inf,545.4489277211212,608.2961591373537,751.5233463491654,29.336322323522865,32.51286928710294,39.52542852255622,inf,inf,inf,inf,inf,inf,574.2088344972341,640.4498745803857,inf,
0.96,804.6622073578587,586.2017402750208,653.5141076323389,inf,inf,inf,inf,652.8784825560327,723.5270390954528,inf,35.22075121725163,38.4211534961372,47.658990443906504,inf,inf,inf,inf,inf,inf,685.5861375840219,758.8430966754399,inf,
0.97,1084.0588071348932,730.051266053112,853.0379212691225,inf,inf,inf,inf,798.2388903007445,922.815312545298,inf,42.792542477509066,48.72640623811516,61.34012006324936,inf,inf,inf,inf,inf,inf,830.4031101188051,inf,inf,
0.98,1642.8520066889619,inf,inf,inf,inf,inf,inf,inf,inf,inf,53.07922164632274,64.89420121493828,90.77894699959464,inf,inf,inf,inf,inf,inf,inf,inf,inf,
0.99,3319.231605351168,inf,inf,inf,inf,inf,inf,inf,inf,inf,67.91018974713315,85.74433561835814,150.46511267795336,inf,inf,inf,inf,inf,inf,inf,inf,inf,
E[s] 3.0666666666666664, E[service] 0.8999999999999999, dist [(1, 5.0, 0.3333333333333333), (2, 2.0, 0.3333333333333333), (4, 0.5, 0.3333333333333333)], num_jobs 10000000, num_servers 4
rho,E[T_Q^MG1],ServerFilling min,ServerFilling median,ServerFilling max,FCFS min,FCFS median,FCFS max,PreemptiveFirstFit min,PreemptiveFirstFit median,PreemptiveFirstFit max,MaxWeight min,MaxWeight median,MaxWeight max,LeastServersFirst min,LeastServersFirst median,LeastServersFirst max,MostServersFirst min,MostServersFirst median,MostServersFirst max,PreemptiveBestFit min,PreemptiveBestFit median,PreemptiveBestFit max,
0.7,4.12391304347826,5.715074366958054,5.724940058019711,5.731074833423346,6.035340524863878,6.040810418297234,6.045874675688933,4.742892336300964,4.752741208581513,4.757612500252201,3.413052804602815,3.41968583036162,3.42148571604438,3.722057424148251,3.7259713207013667,3.729700098042924,9.785125092411727,9.822302344118816,9.82994741092501,4.796527517125328,4.806162921412663,4.810527407748786,
0.72,4.54472049689441,6.170556702308479,6.182164782016358,6.18742886182581,6.6906105662826745,6.696272813735251,6.6973850440682545,5.133731919113634,5.14538908143108,5.148494480575197,3.6830999070609005,3.6893759827900907,3.693387343037477,4.1634419246454994,4.176399275615117,4.179992597064972,11.14991044413063,11.170827384656596,11.193494620598429,5.195605465619819,5.207143798218712,5.209782035845844,
0.74,5.030267558528428,6.69379323502004,6.705346397813736,6.708205180958474,7.474742803247806,7.484197133102415,7.493814823416291,5.589054285680003,5.599845465386415,5.601134726079612,3.996839716680886,4.002404530516568,4.007297312097509,4.7311174313521205,4.754276218761533,4.759666397646666,12.810708921512326,12.826087641271421,12.850347817532958,5.660424644526616,5.671342956491767,5.672597571919329,
0.76,5.596739130434783,7.299747674926943,7.310797952333026,7.312037211003366,8.434097079826998,8.461227901014617,8.471373350851344,6.122662594398868,6.133252279732342,6.133780872976729,4.363283834791633,4.368631256121507,4.3744819879535415,5.4832760482712075,5.519046649228973,5.536645519193598,14.845003508246306,14.88479962878451,14.93330933033715,6.205038922736992,6.215794637920545,6.217397039516444,
0.78,6.26620553359684,8.011095051841085,8.018950538807472,8.026234738372757,9.640486888953907,9.686942832302284,9.705604078939295,6.75787140855649,6.764216328531681,6.7718492416064455,4.798615273584974,4.8011566089398805,4.810695015689083,6.544845780385286,6.596292298604314,6.632164633244801,17.387478214047544,17.475182390705402,17.549942669684103,6.853557809757867,6.859417749562642,6.8675817481997194,
0.8,7.069565217391307,8.851971996611347,8.85972966990614,8.877150033604046,11.19540029640695,11.266063310999408,11.311103921411119,7.515718636985655,7.524874367368851,7.54127752877539,5.318493892498127,5.32113764376933,5.3349241171165005,8.148773238486736,8.228793993150038,8.2924563644985,20.596524306596123,20.786140873963575,20.85796260808485,7.626443507895355,7.635124312133662,7.651836826028904,
0.82,8.051449275362316,9.86520787485929,9.886108682281867,9.909576065429052,13.301713454492962,13.409055335669942,13.482841207417092,8.442450097686788,8.46511732753316,8.486988081689125,5.949122878202037,5.961405918060012,5.9779962851813595,10.84300336333611,10.960929070734766,11.133799598591775,24.811329154659955,25.0841155931344,25.21021704794194,8.569808146643783,8.592408549147889,8.61525041438348,
0.84,9.278804347826085,11.115783465118238,11.155626240450035,11.192154015490651,16.319610200447777,16.477851071278184,16.59990560039086,9.601541215993201,9.641046512561717,9.678885965033496,6.733450216031773,6.755992209684329,6.781122077286282,16.252277739076565,16.477815831645458,16.801394810981304,30.420129756624807,30.77188530412044,31.044924217655325,9.747889608076676,9.788543671080651,9.826104965803898,
0.86,10.856832298136645,12.710794634386104,12.782393708900315,12.830862256884714,20.955865882083945,21.182336051023977,21.444039211170924,11.099048102675766,11.170131123375912,11.219084099481933,7.740251126756771,7.780479252483144,7.814693245058578,32.56114559561738,33.82449206255027,36.34764641201535,38.28235108166656,38.841906921746805,39.19607439146834,11.267653636940663,11.340172653365721,11.388810665805394,
0.88,12.960869565217394,14.834782869718795,14.930897361409723,15.012971865208227,29.015684490820682,29.305870935530127,29.88887451487729,13.114457707803451,13.216155555735538,13.297787777191731,9.082494932731045,9.143140681810909,9.19758959115908,2116.4926864606946,inf,inf,49.92031029966295,50.51337006358351,51.19858406107285,13.310148828186339,13.411102070010699,13.493012874061064,
0.9,15.90652173913044,17.805997325806814,17.935771585800484,18.070596085019865,46.14339176298909,47.05862713443988,48.83959379164857,15.96813362074643,16.10751604516351,16.23990124160173,10.965269008951491,11.050358013079876,11.131006643066636,inf,inf,inf,68.07404944932372,68.79249945367759,69.8686549059258,16.1942450363877,16.33212772655426,16.465113279702553,
0.91,17.87028985507247,19.766310927286586,19.93917806790426,20.10603168602076,64.99497444967227,67.42500003593379,71.08985206188227,17.87333299710153,18.052667745178685,18.215913992164406,12.210318209350012,12.321823093797285,12.423430142764571,inf,inf,inf,80.7989375311512,81.6222978885814,83.33491523279302,18.115243830354814,18.293868714263986,18.457104259628093,
0.92,20.32500000000001,22.221964010783584,22.43412751380244,22.686324284667716,107.79065699178105,112.66668818887773,127.18503552669551,20.26750335946209,20.485300428202912,20.736993850839557,13.770319822240204,13.903847165930918,14.0582941797685,inf,inf,inf,97.83004558628853,99.02154340143362,101.77777147922912,20.526812896019248,20.74312965799861,20.996391403994974,
0.93,23.48105590062114,25.358441577481198,25.618605431184307,26.00003891762375,296.96414068883803,396.70725333656173,463.7108658246043,23.35226672824893,23.607626388866155,23.98705747737064,15.747595522039354,15.919105269048766,16.15398212428301,inf,inf,inf,120.82443526520164,123.07603703336505,127.0057686421732,23.627378220659523,23.884389641283178,24.26528796042224,
0.94,27.689130434782584,29.472969735011922,29.846711517483474,30.333195678800763,inf,inf,inf,27.406895390874308,27.763951806567146,28.25606703120852,18.354798951797182,18.591736026751114,18.897186748888902,inf,inf,inf,153.67915751085806,157.24878836145342,161.31228061488412,27.700986688041855,28.061880390382605,28.555485968773187,
0.95,33.58043478260866,35.28921783456602,35.74773448931856,36.364179158098835,inf,inf,inf,33.156245209546505,33.59053098794501,34.20728182121373,22.03082574663273,22.313841787250375,22.706834833323455,inf,inf,inf,204.81501626238503,212.62200891069006,inf,33.4740261653457,33.90965403253372,34.52614113396044,
0.96,42.41739130434779,43.79681441454195,44.68090070468164,46.11085083103767,inf,inf,inf,41.59269779715417,42.44984563455892,43.88705265182645,27.397621300312455,27.95963447623424,28.85091966775791,inf,inf,inf,294.386436783719,inf,inf,41.93342502140798,42.79280168344652,44.227278657658246,
0.97,57.14565217391299,57.95515522702594,59.79260882432499,62.66860767223171,inf,inf,inf,55.67369592041341,57.492561571705366,60.376239670688165,36.30685608893147,37.491933114049694,39.27735137773059,inf,inf,inf,inf,inf,inf,56.0417765664718,57.857831459391925,60.741908124316694,
0.98,86.6021739130434,84.85169224553233,88.22074030169873,96.85877906792481,inf,inf,inf,82.4906364093251,85.83486397526646,94.49055934627184,53.22188936545921,55.32485005985912,60.79367971158175,inf,inf,inf,inf,inf,inf,82.88752735774332,86.23194862276303,94.87994338172369,
0.99,174.97173913043466,158.53203170537287,177.22543034567033,198.75218500023274,inf,inf,inf,156.0900709611525,174.73537807897995,196.2639786307733,99.45604256327636,111.1226666339464,124.70495877601869,inf,inf,inf,inf,inf,inf,156.52087435892824,175.16460428747223,196.6894913311618,
E[s] 0.6517857142857142, E[service] 0.609375, dist [(1, 1.0, 0.5714285714285714), (2, 8.0, 0.2857142857142857), (4, 64.0, 0.14285714285714285)], num_jobs 10000000, num_servers 4
rho,E[T_Q^MG1],ServerFilling min,ServerFilling median,ServerFilling max,FCFS min,FCFS median,FCFS max,PreemptiveFirstFit min,PreemptiveFirstFit median,PreemptiveFirstFit max,MaxWeight min,MaxWeight median,MaxWeight max,LeastServersFirst min,LeastServersFirst median,LeastServersFirst max,MostServersFirst min,MostServersFirst median,MostServersFirst max,PreemptiveBestFit min,PreemptiveBestFit median,PreemptiveBestFit max,
0.7,0.527896689497717,0.940533117586529,0.9422130047377657,0.9432219055205763,inf,inf,inf,1.1957710443603105,1.1974673465650518,1.198694112274963,1.8278892315991626,1.8314822636659651,1.834965931965218,2.547469642726584,2.551079025541684,2.5572858993464203,0.8366715650285855,0.8380371227628224,0.8387794239295148,1.1373360895271878,1.1386441265710097,1.1397231887902168,
0.72,0.581763698630137,0.988976963692844,0.9908404854833296,0.9921223199973683,inf,inf,inf,1.250036081313301,1.251918623804548,1.2534286800476666,1.9458962756292597,1.9497640387303303,1.9542544555376835,2.845897449661161,2.85041545087363,2.8613305185905094,0.868736122338198,0.8702207822637233,0.8711467813134491,1.1832244693194527,1.1846301546767457,1.186016297054545,
0.74,0.6439179399367757,1.0457285462523391,1.0477870640958096,1.0494203668850661,inf,inf,inf,1.3124988014037104,1.314460197704172,1.316479235191457,2.0826677725978033,2.0867756399376916,2.0917889341093736,3.217910284103751,3.2243058617765126,3.238935522666555,0.9061694818452081,0.9078244247852715,0.9089995690511411,1.2359286386983412,1.2373369953862925,1.2391741599102797,
0.76,0.7164312214611874,1.1127271138901988,1.1153116096978388,1.1173145580287178,inf,inf,inf,1.3852333008458375,1.3872809608330623,1.3900742843897285,2.2419376285111645,2.246846877308108,2.2521813262707946,3.696252390101699,3.7097951271273724,3.7324314570554202,0.9503156190078111,0.9523883074582334,0.95372295786174,1.2970327297215631,1.2988437834602697,1.301045241246877,
0.78,0.8021287359900376,1.1927385322220685,1.1958162758045334,1.198259186583829,inf,inf,inf,1.470921809835084,1.4736849954058842,1.4766830326663538,2.429114442021482,2.4361166521683266,2.4415362043483837,4.344374704508524,4.367330508563834,4.403945777591382,1.0029611957285343,1.0053773287101984,1.0069429095028968,1.3688973608578925,1.3714661627688995,1.3736276037337398,
0.8,0.9049657534246579,1.2894929291753934,1.2935305299675082,1.295939477608155,inf,inf,inf,1.57331163470794,1.5770668939777492,1.5800003883822198,2.6540991457286127,2.663587533634109,2.6699981372720623,5.246174363503729,5.28383359112321,5.3464961127049495,1.0664822822442601,1.0695793976531367,1.071133648086669,1.4543741596803565,1.4579796589594956,1.4600148090021774,
0.82,1.0306554414003042,1.4086511056285524,1.4143575477606773,1.4166802732372987,inf,inf,inf,1.6979710788591615,1.7034551991368514,1.7063320084579312,2.9301390758579995,2.9434053003577345,2.9495067154721033,6.602554893495272,6.675392049149176,6.745572670505738,1.1446118768906655,1.1489748265157873,1.150241054053439,1.5581325048276362,1.5633678397698654,1.5651359305088877,
0.84,1.187767551369863,1.5585331398784,1.5663043418114462,1.5694005940580786,inf,inf,inf,1.8533676276123836,1.8610735194915935,1.8644636834075305,3.2773593526826894,3.2940347181964627,3.3019186580187054,8.87568010139972,9.00792323320078,9.180557728139116,1.242758084661604,1.2485884037367003,1.2502170373988677,1.6872328692447975,1.6942055941624508,1.6962660184089393,
0.86,1.3897688356164384,1.7526273073086784,1.762509355452417,1.76836519781469,inf,inf,inf,2.0529358671627587,2.0627460452927897,2.0688677931447006,3.7268560369013226,3.7491091390655322,3.764829393804195,13.376286867895478,13.751402864144557,14.059072637459645,1.369651596203949,1.3770694679868243,1.3803882657527506,1.8522735229962137,1.861151522867248,1.8652612352516502,
0.88,1.659103881278539,2.0128115348122675,2.026380220191513,2.0362288674572544,inf,inf,inf,2.3185944296724887,2.331993442144774,2.3422569394522483,4.33328440653984,4.363888196790954,4.391739714525134,26.11754139685624,27.59876027684242,29.137576388203907,1.5396002749705247,1.5495600311125826,1.555500568630027,2.070991477289604,2.0829475272242735,2.0902904430119342,
0.9,2.03617294520548,2.3769748800408905,2.3968680183795317,2.414543044828761,inf,inf,inf,2.6880472658737813,2.7080419600927175,2.7260890566348324,5.192434389246415,5.2403495487025165,5.288050525575752,inf,inf,inf,1.7772425476400804,1.7915926246352385,1.8025338365188994,2.3736312497566616,2.391149821897072,2.404678092294885,
0.91,2.2875523211567748,2.6182788940261585,2.6448719061048473,2.6675722335647793,inf,inf,inf,2.9320188194503403,2.9588838623844698,2.9817090220552145,5.7667094118407904,5.83014555298172,5.892814643840873,inf,inf,inf,1.9346673729143207,1.9536038284386517,1.9676142465573323,2.572902084749557,2.5963398812820366,2.613636168905153,
0.92,2.601776541095892,2.9211123132193397,2.956226625225069,2.9845443261949116,inf,inf,inf,3.2376234948529583,3.2730269828743936,3.3013655131043946,6.491627424892936,6.579451003128518,6.655600870679504,inf,inf,inf,2.1323596985797746,2.156928473314649,2.1745628708899014,2.821857692421875,2.8522565766564765,2.8741956001633224,
0.93,3.005779109589044,3.3115088842315936,3.3577126910538935,3.393831397802054,inf,inf,inf,3.631119541159521,3.677114992089384,3.7131461948026567,7.434220399339618,7.554884859631918,7.649485250519813,inf,inf,inf,2.3879942783263086,2.419155442790052,2.441563826483571,3.142865938361529,3.1811018773354776,3.209093507008028,
0.94,3.5444492009132396,3.8290698160634866,3.892263563552957,3.9428190683068447,inf,inf,inf,4.1508901908886795,4.2145385454347934,4.264763882485675,8.701680794247267,8.86807187172613,8.99688196452261,inf,inf,inf,2.725442203238126,2.768046763330097,2.7997866747301012,3.564778257532592,3.617211201716406,3.656856104982558,
0.95,4.29858732876712,4.5518885636283795,4.6433934381430095,4.70927848704848,inf,inf,inf,4.876012566666419,4.968161627429908,5.0341707117973655,10.495162950733919,10.724161616459764,10.901096276442873,inf,inf,inf,3.1968670119198186,3.257967826099697,3.2995850880823894,4.15176266869027,4.227053753669492,4.279405361335357,
0.96,5.429794520547941,5.625077247842919,5.757515809172725,5.876505772849955,inf,inf,inf,5.952311525866559,6.082958523714553,6.204607850502633,13.184711926570403,13.5228901331065,13.835397736523708,inf,inf,inf,3.896201725042762,3.982887660857158,4.06003498058414,5.020221612510988,5.127073240152072,5.223309696480086,
0.97,7.315139840182643,7.397775133497293,7.6432820095323954,7.812098289413224,inf,inf,inf,7.726136649251995,7.971042187289189,8.142603794251857,17.677135476819323,18.306965142649382,18.74786029570884,inf,inf,inf,5.050653383721952,5.212192779434603,5.321587857000511,6.450013693970675,6.649047161376332,6.784513049221149,
0.98,11.085830479452047,10.83096225462226,11.39257925382497,11.723058307722505,inf,inf,inf,11.162267559044345,11.723553503576065,12.055766356830782,26.46435732969854,27.93192568332712,28.782991397946716,inf,inf,inf,7.2885474955650915,7.657150385958604,7.871263259296874,9.213701963063475,9.667461573904665,9.930048740905178,
0.99,22.397902397260257,20.12808174959167,23.098435085035206,24.10748315569599,inf,inf,inf,20.463904393648924,23.43324275933002,24.44275632039307,50.509070391244904,58.293311924380504,60.89992898091284,inf,inf,inf,13.347865039664411,15.295160083179736,15.955055837682876,16.683364105388634,19.0732587027627,19.881673663524236,
E[s] 2.9899999999999998, E[service] 1.4725000000000001, dist [(1, 1.0, 0.3), (2, 0.01, 0.01), (4, 4.0, 0.69)], num_jobs 10000000, num_servers 4
rho,E[T_Q^MG1],ServerFilling min,ServerFilling median,ServerFilling max,FCFS min,FCFS median,FCFS max,PreemptiveFirstFit min,PreemptiveFirstFit median,PreemptiveFirstFit max,MaxWeight min,MaxWeight median,MaxWeight max,LeastServersFirst min,LeastServersFirst median,LeastServersFirst max,MostServersFirst min,MostServersFirst median,MostServersFirst max,PreemptiveBestFit min,PreemptiveBestFit median,PreemptiveBestFit max,
0.7,78.23104793756966,60.283224227737776,61.52245738300431,63.15273176659278,inf,inf,inf,112.9839979468398,114.69379894953141,115.92603583554781,6.971797441281283,7.052656563357604,7.1659685013203935,458.76395109282123,496.04500066795777,inf,52.49672501238593,53.436856052302026,56.52347320166508,119.49765940869048,121.3288209888979,122.65468339167555,
0.72,86.21380793119923,67.68935362954404,69.23045054973649,71.18730199545402,inf,inf,inf,121.65656342461479,123.7128520493808,125.2228745031513,7.389302949021383,7.485643523313917,7.618358145252201,inf,inf,inf,61.4823892196265,62.6023025576203,67.02714082670494,129.0772177275003,131.19453350742467,132.86375495290955,
0.74,95.42468484692566,76.29454863796865,78.03832714939266,80.53122991633442,inf,inf,inf,131.53593551454622,133.87132926519368,135.85586315575512,7.869728164220104,7.976805650261957,8.141312015765168,inf,inf,inf,72.61918653809965,74.30406126075516,79.77876780862385,139.9768990923486,142.2313842508043,144.51973546038656,
0.76,106.17070791527314,86.42449320823427,88.43481169437335,91.59829000487531,inf,inf,inf,142.93519835285596,145.65803818040283,148.30486679245936,8.430995988120804,8.552824151598529,8.75440321931323,inf,inf,inf,86.83767054832134,89.31068816252838,95.81039178720248,152.41989835929,155.09917137963106,158.0166106775567,
0.78,118.87055335968383,98.39242872592297,100.89931559596839,104.8400109625022,inf,inf,inf,156.29721591183255,159.4100120808272,162.94208578832158,9.09528181946488,9.236309491154632,9.476958973137299,inf,inf,inf,104.37823007090579,108.35107240018132,116.11424239787037,166.95172017892398,170.14518108321357,173.9778113173466,
0.8,134.11036789297665,112.86306319439609,115.87539953250344,120.72632835406243,inf,inf,inf,172.1399551748898,175.78531973470325,180.23712080921283,9.88171153111042,10.048444861003288,10.342276207499168,inf,inf,inf,127.66247413065454,132.62469871477157,141.6319887482895,184.08579392047184,187.9457222537664,192.70435241981386,
0.82,152.7368078781122,130.35496298524885,134.09891203950573,140.2768941718536,inf,inf,inf,191.34368823360512,195.6179523108003,201.25965934522748,10.816165132205436,11.03854269546967,11.399080785780816,inf,inf,inf,156.4059619506182,163.12155685312095,174.71671657161372,204.89911211873542,209.40948242507343,215.44737303047032,
0.84,176.01985785953175,151.93552580422212,156.82211007819674,165.05497653627003,inf,inf,inf,214.21527109859957,219.8961392940982,227.60365589296828,11.965265067189913,12.266621001191425,12.724014663144528,inf,inf,inf,193.8537276009257,202.5693182220997,219.32752152821507,229.60542821400543,235.52968122291173,243.5428275476388,
0.86,205.95520783564263,179.72614595872943,186.61165464132978,196.5517697808966,inf,inf,inf,243.24423245576435,251.12118065317873,260.3661230103429,13.45419600912028,13.8674865889181,14.389642104733179,inf,inf,inf,245.41948736472412,259.81804918023016,inf,260.6020480100973,268.64970986078293,278.3213187462506,
0.88,245.86900780379042,218.9515221359788,226.80111080840052,237.6672674617811,inf,inf,inf,283.87557683906414,292.7011724213272,302.8983032355282,15.535133391891149,15.990493534354197,16.580655977881317,inf,inf,inf,inf,inf,inf,303.53613186088324,312.68247245186615,323.1679531187767,
0.9,301.7483277591974,271.29282025670636,282.7202191271975,296.86514355061956,inf,inf,inf,337.9360132819341,350.3285242108795,363.63070582948217,18.2733069107503,18.936777267032568,19.724520031198164,inf,inf,inf,inf,inf,inf,359.9536060270059,373.0697316886501,387.2115761300305,
0.91,339.0012077294688,304.91956564589543,318.7789102346093,338.22349766079793,inf,inf,inf,372.0673564702164,387.391966405748,405.8751739532761,20.02193732615624,20.834108289971894,21.90126759192763,inf,inf,inf,inf,inf,inf,395.53967222533777,411.3121327360463,430.64746720398483,
0.92,385.5673076923079,344.38035546844526,365.15865773442914,391.32428628659494,inf,inf,inf,412.7554382812682,434.77290941963184,460.1005063357809,22.094705121073858,23.254468749605465,24.663385304977858,inf,inf,inf,inf,inf,inf,437.3660612807842,460.3939617734936,486.57280633847284,
0.93,445.43800764452976,394.61045085568065,424.2474196471361,460.748908408784,inf,inf,inf,463.39914533304443,494.3488560250967,531.0975439105047,24.695203202453545,26.343728937219478,28.294386749791478,inf,inf,inf,inf,inf,inf,489.8804920797284,521.7190443389472,558.8279452662798,
0.94,525.2656075808245,458.78202449360265,500.67636147173596,inf,inf,inf,inf,528.141904593116,630.6011628900065,inf,28.01379502978311,30.326256726893174,33.45635549906771,inf,inf,inf,inf,inf,inf,556.545399075271,inf,inf,
0.95,637.0242474916382,542.2335073260432,inf,inf,inf,inf,inf,611.9598570660816,inf,inf,32.3178776045256,35.56161932209453,41.29002731738167,inf,inf,inf,inf,inf,inf,inf,inf,inf,
0.96,804.6622073578587,inf,inf,inf,inf,inf,inf,inf,inf,inf,38.32479062745534,43.51739833235674,52.628473122509824,inf,inf,inf,inf,inf,inf,inf,inf,inf,
0.97,1084.0588071348932,inf,inf,inf,inf,inf,inf,inf,inf,inf,48.230554001234616,58.90312293071687,75.38479867527865,inf,inf,inf,inf,inf,inf,inf,inf,inf,
0.98,1642.8520066889619,inf,inf,inf,inf,inf,inf,inf,inf,inf,67.9947185273995,89.2594856439334,147.05346604340494,inf,inf,inf,inf,inf,inf,inf,inf,inf,
0.99,3319.231605351168,inf,inf,inf,inf,inf,inf,inf,inf,inf,113.63145078170447,203.11543986426588,319.35001407439,inf,inf,inf,inf,inf,inf,inf,inf,inf,
